000000000000000000000000000000000000000000000000000000000000000000000000000000000000000000000000000000000000000000
000000000000000000000000000000000000000000000000000000000000000000000000000000000000000000000000000000000000000000
000000000000000000000000000000000111111110000000000000000000000000000000000000000000000000000000000000000000000000
000000000000000000000000000000000111111110000000000000000000000000000000000000000000000000000000000000000000000000
000000000000000000000000000001111000000001100000000000000000000000000000000000000000000000000000000000000000000000
000000000000000000000000000001111000000001100000000000000000000000000000000000000000000000000000000000000000000000
000000000000000000000000000110011111111110011000000000000000000000000000000000000000000000000000000000000000000000
000000000000000000000000000110011111111110011000000000000000000000000000000000000000000000000000000000000000000000
000000000000000000000000011111100000011111111000000000000000000000000000000000000000000000000000000000000000000000
000000000000000000000000011111100000011111111000000000000000000000000000000000000000000000000000000000000000000000
000000000000000000000001111000000111100000011000000000000000000000000000000000000000000000000000000000000000000000
000000000000000000000001111000000111100000011000000000000000000000000000000000000000000000000000000000000000000000
000000000000000000000110011000011000000111111000000000000000000000000000000000000000000000000000000000000000000000
000000000000000000000110011000011000000111111000000000000000000000000000000000000000000000000000000000000000000000
000000000000000000000000011000011000000001111110000000000000000000000000000000000000000000000000000000000000000000
000000000000000000000000011000011000000001111110000000000000000000000000000000000000000000000000000000000000000000
000000000000000000000000011001100110000000000110000000000000000000000000000000000000000000000000000000000000000000
000000000000000000000000011001100110000000000110000000000000000000000000000000000000000000000000000000000000000000
000000000000000000000000011001100110000000011000000000000000000000000000000000000000000000000000000000000000000000
000000000000000000000000011001100110000000011000000000000000000000000000000000000000000000000000000000000000000000
000000000000000000000000000110000000000001111000000000000000000000000000000000000000000000000000000000000000000000
000000000000000000000000000110000000000001111000000000000000000000000000000000000000000000000000000000000000000000
000000000000000000000000000110000000000000011000000000000000000000000000000000000000000000000000000000000000000000
000000000000000000000000000110000000000000011000000000000000000000000000000000000000000000000000000000000000000000
000000000000000000000001111000000000000111100000000000000000000000000000000000000000000000000000000000000000000000
000000000000000000000001111000000000000111100000000000000000000000000000000000000000000000000000000000000000000000
000000000000000000000111111110000000000001111110000000000000000000000000000000000000000000000000000000000000000000
000000000000000000000111111110000000000001111110000000000000000000000000000000000000000000000000000000000000000000
000000000000000000011111111111100000011111111111100000000000000000000000011111100000000000000000000000000000000000
000000000000000000011111111111100000011111111111100000000000000000000000011111100000000000000000000000000000000000
000000000000000001111111111111100000011111111111111110000000000000000001100000011000000000000000000000000000000000
000000000000000001111111111111100000011111111111111110000000000000000001100000011000000000000000000000000000000000
000000000000000001111111100111111000000111111111111111111000000000000111100000011000000000000000000000000000000000
000000000000000001111111100111111000000111111111111111111000000000000111100000011000000000000000000000000000000000
000000000000000001111111111111111110000111111110000001111110000001111000011000011000000000000000000000000000000000
000000000000000001111111111111111110000111111110000001111110000001111000011000011000000000000000000000000000000000
000000000000000001111111111000011111111111111000000000011111111110000000000111100000000000000000000000000000000000
000000000000000001111111111000011111111111111000000000011111111110000000000111100000000000000000000000000000000000
000000000000000001111111111111100111111110000000000000011110000000000001111000000000000000000000000000000000000000
000000000000000001111111111111100111111110000000000000011110000000000001111000000000000000000000000000000000000000
000000000000000000011111111111111000000000000000000001111111100000000111100000000000000000000000000000000000000000
000000000000000000011111111111111000000000000000000001111111100000000111100000000000000000000000000000000000000000
000000000000000000000111111111111000000000000000011111111111111001111000000000000000000000000000000000000000000000
000000000000000000000111111111111000000000000000011111111111111001111000000000000000000000000000000000000000000000
000000000000000000000111111111111000000000011111111111111111111110000000000000000000000000000000000000000000000000
000000000000000000000111111111111000000000011111111111111111111110000000000000000000000000000000000000000000000000
000000000000000000000001111111111111100111111111100001111111111000000000000000000000000000000000000000000000000000
000000000000000000000001111111111111100111111111100001111111111000000000000000000000000000000000000000000000000000
000000000000000000000001100111111111111111111111100000000000000000000000000000000000000000000000000000000000000000
000000000000000000000001100111111111111111111111100000000000000000000000000000000000000000000000000000000000000000
000000000000000000000001111000000111111111111111100000000000000000000000000000000000000000000000000000000000000000
000000000000000000000001111000000111111111111111100000000000000000000000000000000000000000000000000000000000000000
000000000000000000000001111111111111111111111111100000000000000000000000000000000000000000000000000000000000000000
000000000000000000000001111111111111111111111111100000000000000000000000000000000000000000000000000000000000000000
000000000000000000000000011111111111111111111111100000000000000000000000000000000000000000000000000000000000000000
000000000000000000000000011111111111111111111111100000000000000000000000000000000000000000000000000000000000000000
000000000000000000000001100000011111111111100000000000000000000000000000000000000000000000000000000000000000000000
000000000000000000000001100000011111111111100000000000000000000000000000000000000000000000000000000000000000000000
000000000000000000000001111110000000000000011111100000000000000000000000000000000000000000000000000000000000000000
000000000000000000000001111110000000000000011111100000000000000000000000000000000000000000000000000000000000000000
000000000000000000000001111111111110000111111111111000000000000000000000000000000000000000000000000000000000000000
000000000000000000000001111111111110000111111111111000000000000000000000000000000000000000000000000000000000000000
000000000000000000000001111111111000000111111111111000000000000000000000000000000000000000000000000000000000000000
000000000000000000000001111111111000000111111111111000000000000000000000000000000000000000000000000000000000000000
000000000000000000000111111111100111111110011111111110000000000000000000000000000000000000000000000000000000000000
000000000000000000000111111111100111111110011111111110000000000000000000000000000000000000000000000000000000000000
000000000000000000011111111111100111111110011111111111100000000000000000000000000000000000000000000000000000000000
000000000000000000011111111111100111111110011111111111100000000000000000000000000000000000000000000000000000000000
000000000000000000011111111111100111111111100111111111111000000000000000000000000000000000000000000000000000000000
000000000000000000011111111111100111111111100111111111111000000000000000000000000000000000000000000000000000000000
000000000000000001111111111111111111111111100111111111111110000000000000000000000000000000000000000000000000000000
000000000000000001111111111111111111111111100111111111111110000000000000000000000000000000000000000000000000000000
000000000000000001111111111111111111111111100111111111111110000000000000000000000000000000000000000000000000000000
000000000000000001111111111111111111111111100111111111111110000000000000000000000000000000000000000000000000000000
000000000000000111111111111111111111111111111111111111111110000000000000000000000000000000000000000000000000000000
000000000000000111111111111111111111111111111111111111111110000000000000000000000000000000000000000000000000000000
000000000000000111111111111111111111111111111111111111111111100000000000000000000000000000000000000000000000000000
000000000000000111111111111111111111111111111111111111111111100000000000000000000000000000000000000000000000000000
000000000000011111111111111111111000000000011111111111111111100000000000000000000000000000000000000000000000000000
000000000000011111111111111111111000000000011111111111111111100000000000000000000000000000000000000000000000000000
000000000001111111111111111110000000000000000001111111111111111000000000000000000000000000000000000000000000000000
000000000001111111111111111110000000000000000001111111111111111000000000000000000000000000000000000000000000000000
000000000001111111111111111000000000000000000000011111111111111000000000000000000000000000000000000000000000000000
000000000001111111111111111000000000000000000000011111111111111000000000000000000000000000000000000000000000000000
000000000001111111111111111000000000000000000000011111111111111000000000000000000000000000000000000000000000000000
000000000001111111111111111000000000000000000000011111111111111000000000000000000000000000000000000000000000000000
000000000111111111111111100000000000000000000000000111111111111110000000000000000000000000000000000000000000000000
000000000111111111111111100000000000000000000000000111111111111110000000000000000000000000000000000000000000000000
000000000111111111111110000000000000000000000000000111111111111110000000000000000000000000000000000000000000000000
000000000111111111111110000000000000000000000000000111111111111110000000000000000000000000000000000000000000000000
000000000111111111111000000000000111100111100000000001111111111110000000000000000000000000000000000000000000000000
000000000111111111111000000000000111100111100000000001111111111110000000000000000000000000000000000000000000000000
000000011111111111111000011110011110011110011110000000011111111110000000000000000000000000000000000000000000000000
000000011111111111111000011110011110011110011110000000011111111110000000000000000000000000000000000000000000000000
000000011111111111111001111001111001111001111001111000011111111111100000000000000000000000000000000000000000000000
000000011111111111111001111001111001111001111001111000011111111111100000000000000000000000000000000000000000000000
000000011111111000000111100111100111100111100111100111100111111110011111100000000000000000000000000000000000000000
000000011111111000000111100111100111100111100111100111100111111110011111100000000000000000000000000000000000000000
000001111111111110011110011110011110011110011110011110000001100000000000011110000000000000000000000000000000000000
000001111111111110011110011110011110011110011110011110000001100000000000011110000000000000000000000000000000000000
011110000000000111111001111001111001111001111001111001111001100000000000000001100000000000000000000000000000000000
011110000000000111111001111001111001111001111001111001111001100000000000000001100000000000000000000000000000000000
011000000000011111100111100000000000000000000000000111100110011000000111111111100000000000000000000000000000000000
011000000000011111100111100000000000000000000000000111100110011000000111111111100000000000000000000000000000000000
011111111111100000000000000000000000000000000000000000000001111111111000000000000000000000000000000000000000000000
011111111111100000000000000000000000000000000000000000000001111111111000000000000000000000000000000000000000000000