000000000000000000000000000000000000000000000000000000000000000000000000000000000000000000000000000000000000000000
000000000000000000000000000111111111100000000000000000000000000000000000000000000000000000000000000000000000000000
000000000000000000000000000111111111100000000000000000000000000000000000000000000000000000000000000000000000000000
000000000000000000000000011000000000011110000000000000000000000000000000000000000000000000000000000000000000000000
000000000000000000000000011000000000011110000000000000000000000000000000000000000000000000000000000000000000000000
000000000000000000000001100000000111111001100000000000000000000000000000000000000000000000000000000000000000000000
000000000000000000000001100000000111111001100000000000000000000000000000000000000000000000000000000000000000000000
000000000000000000000001111111111000000111100000000000000000000000000000000000000000000000000000000000000000000000
000000000000000000000001111111111000000111100000000000000000000000000000000000000000000000000000000000000000000000
000000000000000000000001100000000111100001111000000000000000000000000000000000000000000000000000000000000000000000
000000000000000000000001100000000111100001111000000000000000000000000000000000000000000000000000000000000000000000
000000000000000000000001111110011110011001100110000000000000000000000000000000000000000000000000000000000000000000
000000000000000000000001111110011110011001100110000000000000000000000000000000000000000000000000000000000000000000
000000000000000000000001100110011000011001100110000000000000000000000000000000000000000000000000000000000000000000
000000000000000000000001100110011000011001100110000000000000000000000000000000000000000000000000000000000000000000
000000000000000000000001100000000000011001100000000000000000000000000000000000000000000000000000000000000000000000
000000000000000000000001100000000000011001100000000000000000000000000000000000000000000000000000000000000000000000
000000000000000000000001100110000000000111100000000000000000000000000000000000000000000000000000000000000000000000
000000000000000000000001100110000000000111100000000000000000000000000000000000000000000000000000000000000000000000
000000000000000000000001100111100000000111100000000000000000000000000000000000000000000000000000000000000000000000
000000000000000000000001100111100000000111100000000000000000000000000000000000000000000000000000000000000000000000
000000000000000000000001100000000001100110000000000000000000000000000000000000000000000000000000000000000000000000
000000000000000000000001100000000001100110000000000000000000000000000000000000000000000000000000000000000000000000
000000000000000000000111111001111110011111111110000000000000000000000000000000000000000000000000000000000000000000
000000000000000000000111111001111110011111111110000000000000000000000000000000000000000000000000000000000000000000
000000000000000000011111111000000000011111111111100000000000000000000000000000000000000000000000000000000000000000
000000000000000000011111111000000000011111111111100000000000000000000000000000000000000000000000000000000000000000
000000000000000001111111111000000111111111111111111000000000000000000000000000000000000000000000000000000000000000
000000000000000001111111111000000111111111111111111000000000000000000000000000000000000000000000000000000000000000
000000000000000001111111111000000111111111111111111000000000000000000000000000000000000000000000000000000000000000
000000000000000001111111111000000111111111111111111000000000000000000000000000000000000000000000000000000000000000
000000000000000111111111111000011111111111111111111110000000000000000000000000000000000000000000000000000000000000
000000000000000111111111111000011111111111111111111110000000000000000000000000000000000000000000000000000000000000
000000000001111111111111111111111111111111111111111110000000000000000000000000000000000000000000000000000000000000
000000000001111111111111111111111111111111111111111110000000000000000000000000000000000000000000000000000000000000
000000000001111111111111111111111111111001111111111110000000000000000000000000000000000000000000000000000000000000
000000000001111111111111111111111111111001111111111110000000000000000000000000000000000000000000000000000000000000
011111111110000111111001111111111111111110011111111110000000000000000000000000000000000000000000000000000000000000
011111111110000111111001111111111111111110011111111110000000000000000000000000000000000000000000000000000000000000
011000000000000001111001111111111111111110011111111110000000000000000000000000000000000000000000000000000000000000
011000000000000001111001111111111111111110011111111110000000000000000000000000000000000000000000000000000000000000
011000000110000001111001111111111111111111111111111110000000000000000000000000000000000000000000000000000000000000
011000000110000001111001111111111111111111111111111110000000000000000000000000000000000000000000000000000000000000
011110000111111110000111111111111111111110011111111110000000000000000000000000000000000000000000000000000000000000
011110000111111110000111111111111111111110011111111110000000000000000000000000000000000000000000000000000000000000
000001111110000000000111111111111111100000000000011110000000000000000000000000000000000000000000000000000000000000
000001111110000000000111111111111111100000000000011110000000000000000000000000000000000000000000000000000000000000
000000000000000000000000011110000000000000000001111110000000000000000000000000000000000000000000000000000000000000
000000000000000000000000011110000000000000000001111110000000000000000000000000000000000000000000000000000000000000
000000000000000000000001100110000000000000011111100000000000000000000000000000000000000000000000000000000000000000
000000000000000000000001100110000000000000011111100000000000000000000000000000000000000000000000000000000000000000
000000000000000000000001111110000000000111100110000000000000000000000000000000000000000000000000000000000000000000
000000000000000000000001111110000000000111100110000000000000000000000000000000000000000000000000000000000000000000
000000000000000000000001111111100001111111111110000000000000000000000000000000000000000000000000000000000000000000
000000000000000000000001111111100001111111111110000000000000000000000000000000000000000000000000000000000000000000
000000000000000000000001111111111111111111111111100000000000000000000000000000000000000000000000000000000000000000
000000000000000000000001111111111111111111111111100000000000000000000000000000000000000000000000000000000000000000
000000000000000000000001111111100111111111111111100000000000000000000000000000000000000000000000000000000000000000
000000000000000000000001111111100111111111111111100000000000000000000000000000000000000000000000000000000000000000
000000000000000000000111111110011001111111111111111000000000000000000000000000000000000000000000000000000000000000
000000000000000000000111111110011001111111111111111000000000000000000000000000000000000000000000000000000000000000
000000000000000000000111111110011110011111111111111000000000000000000000000000000000000000000000000000000000000000
000000000000000000000111111110011110011111111111111000000000000000000000000000000000000000000000000000000000000000
000000000000000000000111111110011111100111111111111110000000000000000000000000000000000000000000000000000000000000
000000000000000000000111111110011111100111111111111110000000000000000000000000000000000000000000000000000000000000
000000000000000000000111111111111111100111111111111110000000000000000000000000000000000000000000000000000000000000
000000000000000000000111111111111111100111111111111110000000000000000000000000000000000000000000000000000000000000
000000000000000000000111111111111111111111111111111110000000000000000000000000000000000000000000000000000000000000
000000000000000000000111111111111111111111111111111110000000000000000000000000000000000000000000000000000000000000
000000000000000000000111111111111111100111111111111111100000000000000000000000000000000000000000000000000000000000
000000000000000000000111111111111111100111111111111111100000000000000000000000000000000000000000000000000000000000
000000000000000000000111111111111000000111111111111111100000000000000000000000000000000000000000000000000000000000
000000000000000000000111111111111000000111111111111111100000000000000000000000000000000000000000000000000000000000
000000000000000000000111111111111000000001111111111111100000000000000000000000000000000000000000000000000000000000
000000000000000000000111111111111000000001111111111111100000000000000000000000000000000000000000000000000000000000
000000000000000000000111111111111000000001111111111111111000000000000000000000000000000000000000000000000000000000
000000000000000000000111111111111000000001111111111111111000000000000000000000000000000000000000000000000000000000
000000000000000000000111111111111000000000011111111111111110000000000000000000000000000000000000000000000000000000
000000000000000000000111111111111000000000011111111111111110000000000000000000000000000000000000000000000000000000
000000000000000000000111111111111000000000000111111111111110000000000000000000000000000000000000000000000000000000
000000000000000000000111111111111000000000000111111111111110000000000000000000000000000000000000000000000000000000
000000000000000000000111111111111110000000000001111111111111100000000000000000000000000000000000000000000000000000
000000000000000000000111111111111110000000000001111111111111100000000000000000000000000000000000000000000000000000
000000000000000000000111111111111110000000000001111111111111100000000000000000000000000000000000000000000000000000
000000000000000000000111111111111110000000000001111111111111100000000000000000000000000000000000000000000000000000
000000000000000000000001111111111111100000000000011111111111100000000000000000000000000000000000000000000000000000
000000000000000000000001111111111111100000000000011111111111100000000000000000000000000000000000000000000000000000
000000000000000000000001111111111111100000000000011111111111100000000000000000000000000000000000000000000000000000
000000000000000000000001111111111111100000000000011111111111100000000000000000000000000000000000000000000000000000
000000000000000000000001111111111111100000000000000111100000011000000000000000000000000000000000000000000000000000
000000000000000000000001111111111111100000000000000111100000011000000000000000000000000000000000000000000000000000
000000000000000000000001111111111111100000000000000111100000011000000000000000000000000000000000000000000000000000
000000000000000000000001111111111111100000000000000111100000011000000000000000000000000000000000000000000000000000
000000000000000000000001111111111111100000000000000001100000000110000000000000000000000000000000000000000000000000
000000000000000000000001111111111111100000000000000001100000000110000000000000000000000000000000000000000000000000
000111100111100111100111111111111111100001111000000001111000000110000000000000000000000000000000000000000000000000
000111100111100111100111111111111111100001111000000001111000000110000000000000000000000000000000000000000000000000
011110011110011110011110000110000111100111100111100000011000000110000000000000000000000000000000000000000000000000
011110011110011110011110000110000111100111100111100000011000000110000000000000000000000000000000000000000000000000
011001111001111001111001111000000000011110011110011110011110000110000000000000000000000000000000000000000000000000
011001111001111001111001111000000000011110011110011110011110000110000000000000000000000000000000000000000000000000
000000000000000111100111100000000000011001111001111001111001111110000000000000000000000000000000000000000000000000
000000000000000111100111100000000000011001111001111001111001111110000000000000000000000000000000000000000000000000
000000000000000000011000000000011000011111100111100111111110011110000000000000000000000000000000000000000000000000
000000000000000000011000000000011000011111100111100111111110011110000000000000000000000000000000000000000000000000
000000000000000000000111111111111111100000000000000000000001111000000000000000000000000000000000000000000000000000
000000000000000000000111111111111111100000000000000000000001111000000000000000000000000000000000000000000000000000
000000000000000000000000000000000000000000000000000000000000000000000000000000000000000000000000000000000000000000
000000000000000000000000000000000000000000000000000000000000000000000000000000000000000000000000000000000000000000
000000000000000000000000000000000000000000000000000000000000000000000000000000000000000000000000000000000000000000