000000000000000000000000000000000000000000000000000000000000000000000000000000000000000000000000000000000000000000
000000000000000000000000000000000000000000000000000000000000000000000000000000000000000000000000000000000000000000
000000000000000000000000000000000000000000000000000000000000000000000000000000000000000000000000000000000000000000
000000000000000000000000000000000000000000000000000000000000000000000000000000000000000000000000000000000000000000
000000000000000000000000000000000000000000000000000000000000000000000000000000000000000000000000000000000000000000
000000000000000000000000000000000000000000000000000000000000000000000000000000000000000000000000000000000000000000
000000000000000000000000000000000000000000000000000000000000000000000000000000000000000000000000000000000000000000
000000000000000000000000000000000000000000000000000000000000000000000000000000000000000000000000000000000000000000
000000000000000000000000000000000000000000000000000000000000000000000000000000000000000000000000000000000000000000
000000000000000000000000000000000001111111100000000000000000000000000000000000000000000000000000000000000000000000
000000000000000000000000000000000001111111100000000000000000000000000000000000000000000000000000000000000000000000
000000000000000000000000000000000110000000011110000000000000000000000000000000000000000000000000000000000000000000
000000000000000000000000000000000110000000011110000000000000000000000000000000000000000000000000000000000000000000
000000000000000000000000000000011000000000000110000000000000000000000000000000000000000000000000000000000000000000
000000000000000000000000000000011000000000000110000000000000000000000000000000000000000000000000000000000000000000
000000000000000000000000000000011111111110000001100000000000000000000000000000000000000000000000000000000000000000
000000000000000000000000000000011111111110000001100000000000000000000000000000000000000000000000000000000000000000
000000000000000000000000000000011000000001100110011000000000000000000000000000000000000000000000000000000000000000
000000000000000000000000000000011000000001100110011000000000000000000000000000000000000000000000000000000000000000
000000000000000000000000000000011110011000011001111000000000000000000000000000000000000000000000000000000000000000
000000000000000000000000000000011110011000011001111000000000000000000000000000000000000000000000000000000000000000
000000000000000000000000000000011000011110011001100110000000000000000000000000000000000000000000000000000000000000
000000000000000000000000000000011000011110011001100110000000000000000000000000000000000000000000000000000000000000
000000000000000000000000000000011000000000011001100000000000000000000000000000000000000000000000000000000000000000
000000000000000000000000000000011000000000011001100000000000000000000000000000000000000000000000000000000000000000
000000000000000000000000000000011111100000000111100000000000000000000000000000000000000000000000000000000000000000
000000000000000000000000000000011111100000000111100000000000000000000000000000000000000000000000000000000000000000
000000000000000000000000000000011000000001111000000000000000000000000000000000000000000000000000000000000000000000
000000000000000000000000000000011000000001111000000000000000000000000000000000000000000000000000000000000000000000
000000000000000000000000011111100110011111111110000000000000000000000000000000000000000000000000000000000000000000
000000000000000000000000011111100110011111111110000000000000000000000000000000000000000000000000000000000000000000
000000000000000000000001100000011111111111111111100000000000000000000000000000000000000000000000000000000000000000
000000000000000000000001100000011111111111111111100000000000000000000000000000000000000000000000000000000000000000
000000000000000000000001100000000111111111111111111000000000000000000000000000000000000000000000000000000000000000
000000000000000000000001100000000111111111111111111000000000000000000000000000000000000000000000000000000000000000
000000000000000000000001111000000001111111111111111000000000000000000000000000000000000000000000000000000000000000
000000000000000000000001111000000001111111111111111000000000000000000000000000000000000000000000000000000000000000
000000000000000000000000000110000000000111111111111110000000000000000000000000000000000000000000000000000000000000
000000000000000000000000000110000000000111111111111110000000000000000000000000000000000000000000000000000000000000
000000000000000000000000000111100000000000011111111110000000000000000000000000000000000000000000000000000000000000
000000000000000000000000000111100000000000011111111110000000000000000000000000000000000000000000000000000000000000
000000000000000000000001111000011111100000000111111111100000000000000000000000000000000000000000000000000000000000
000000000000000000000001111000011111100000000111111111100000000000000000000000000000000000000000000000000000000000
000000000000000001111111111111111111111110000001111111100000000000000000000000000000000000000000000000000000000000
000000000000000001111111111111111111111110000001111111100000000000000000000000000000000000000000000000000000000000
000000000000000111111111111111111111111111111111111111100000000000000000000000000000000000000000000000000000000000
000000000000000111111111111111111111111111111111111111100000000000000000000000000000000000000000000000000000000000
000000000000000111111001111111111111111111111111100110000000000000000000000000000000000000000000000000000000000000
000000000000000111111001111111111111111111111111100110000000000000000000000000000000000000000000000000000000000000
000000000001111111111111100111111111111111111111111000000000000000000000000000000000000000000000000000000000000000
000000000001111111111111100111111111111111111111111000000000000000000000000000000000000000000000000000000000000000
000000000001111111111111100111111111111111111111111110000000000000000000000000000000000000000000000000000000000000
000000000001111111111111100111111111111111111111111110000000000000000000000000000000000000000000000000000000000000
000000000001111111111111111000011111111111111111111110000000000000000000000000000000000000000000000000000000000000
000000000001111111111111111000011111111111111111111110000000000000000000000000000000000000000000000000000000000000
000000000001111111111111100111111111111111111111111110000000000000000000000000000000000000000000000000000000000000
000000000001111111111111100111111111111111111111111110000000000000000000000000000000000000000000000000000000000000
000000000111100000011111111000000111111111111111111110000000000000000000000000000000000000000000000000000000000000
000000000111100000011111111000000111111111111111111110000000000000000000000000000000000000000000000000000000000000
000000011000000000000001100000000001111111111110011110000000000000000000000000000000000000000000000000000000000000
000000011000000000000001100000000001111111111110011110000000000000000000000000000000000000000000000000000000000000
000000011000000000000001100000000000011001111001111110000000000000000000000000000000000000000000000000000000000000
000000011000000000000001100000000000011001111001111110000000000000000000000000000000000000000000000000000000000000
000000011000000111111110000000000000011111111111111110000000000000000000000000000000000000000000000000000000000000
000000011000000111111110000000000000011111111111111110000000000000000000000000000000000000000000000000000000000000
000000000111111000000000000000000000011111111111111000000000000000000000000000000000000000000000000000000000000000
000000000111111000000000000000000000011111111111111000000000000000000000000000000000000000000000000000000000000000
000000000000000000000000000000000001111111111111111000000000000000000000000000000000000000000000000000000000000000
000000000000000000000000000000000001111111111111111000000000000000000000000000000000000000000000000000000000000000
000000000000000000000000000000000001111111111111111000000000000000000000000000000000000000000000000000000000000000
000000000000000000000000000000000001111111111111111000000000000000000000000000000000000000000000000000000000000000
000000000000000000000000000000000001111111111111100000000000000000000000000000000000000000000000000000000000000000
000000000000000000000000000000000001111111111111100000000000000000000000000000000000000000000000000000000000000000
000000000000000000000000000000000001111111111111100000000000000000000000000000000000000000000000000000000000000000
000000000000000000000000000000000001111111111111100000000000000000000000000000000000000000000000000000000000000000
000000000000000000000000000000000111111111111111100000000000000000000000000000000000000000000000000000000000000000
000000000000000000000000000000000111111111111111100000000000000000000000000000000000000000000000000000000000000000
000000000000000000000000000000000111111111111111100000000000000000000000000000000000000000000000000000000000000000
000000000000000000000000000000000111111111111111100000000000000000000000000000000000000000000000000000000000000000
000000000000000000000000000000000111111111111111100000000000000000000000000000000000000000000000000000000000000000
000000000000000000000000000000000111111111111111100000000000000000000000000000000000000000000000000000000000000000
000000000000000000000000000000000111111111111110000000000000000000000000000000000000000000000000000000000000000000
000000000000000000000000000000000111111111111110000000000000000000000000000000000000000000000000000000000000000000
000000000000000000000000000000000111111111111110000000000000000000000000000000000000000000000000000000000000000000
000000000000000000000000000000000111111111111110000000000000000000000000000000000000000000000000000000000000000000
000000000000000000000000000000000111111111111110000000000000000000000000000000000000000000000000000000000000000000
000000000000000000000000000000000111111111111110000000000000000000000000000000000000000000000000000000000000000000
000000000000000000000000000000000111111111111110000000000000000000000000000000000000000000000000000000000000000000
000000000000000000000000000000000111111111111110000000000000000000000000000000000000000000000000000000000000000000
000000000000000000000000000000000111111111111110000000000000000000000000000000000000000000000000000000000000000000
000000000000000000000000000000000111111111111110000000000000000000000000000000000000000000000000000000000000000000
000000000000000000000000000000000111111111111110000000000000000000000000000000000000000000000000000000000000000000
000000000000000000000000000000000111111111111110000000000000000000000000000000000000000000000000000000000000000000
000000000000000000000000000000000111111111111110000000000000000000000000000000000000000000000000000000000000000000
000000000000000000000000000000000111111111111110000000000000000000000000000000000000000000000000000000000000000000
000000000000000000000001111001111111111111111110000000000000000000000000000000000000000000000000000000000000000000
000000000000000000000001111001111111111111111110000000000000000000000000000000000000000000000000000000000000000000
000000000111100111100111100111100000011000011110000000000000000000000000000000000000000000000000000000000000000000
000000000111100111100111100111100000011000011110000000000000000000000000000000000000000000000000000000000000000000
000000011110011110011110011110000111100000011111111110000000000000000000000000000000000000000000000000000000000000
000000011110011110011110011110000111100000011111111110000000000000000000000000000000000000000000000000000000000000
000000000001111001111001111111111000000000000110011110000000000000000000000000000000000000000000000000000000000000
000000000001111001111001111111111000000000000110011110000000000000000000000000000000000000000000000000000000000000
000000000000000000000000000110000000000000000001100000000000000000000000000000000000000000000000000000000000000000
000000000000000000000000000110000000000000000001100000000000000000000000000000000000000000000000000000000000000000
000000000000000000000000000111111111111111111110000000000000000000000000000000000000000000000000000000000000000000
000000000000000000000000000111111111111111111110000000000000000000000000000000000000000000000000000000000000000000
000000000000000000000000000000000000000000000000000000000000000000000000000000000000000000000000000000000000000000
000000000000000000000000000000000000000000000000000000000000000000000000000000000000000000000000000000000000000000
000000000000000000000000000000000000000000000000000000000000000000000000000000000000000000000000000000000000000000