000000000000000000000000000000000000000000000000000000000000000000000000000000000000000000000000000000000000000000
000000000000000000000000000000000000000000000000000000000000000000000000000000000000000000000000000000000000000000
000000000000000000000000000000000000000000000000000000000000000000000000000000000000000000000000000000000000000000
000000000000000000000000000000000000000000000000000000000000000000000000000000000000000000000000000000000000000000
000000000000000000000000000000000000000000000000000000000000000000000000000000000000000000000000000000000000000000
000000000000000111111111100000000000000000000000000000000000000000000000000000000000000000000000000000000000000000
000000000000000111111111100000000000000000000000000000000000000000000000000000000000000000000000000000000000000000
000000000001111000000111111000000000000000000000000000000000000000000000000000000000000000000000000000000000000000
000000000001111000000111111000000000000000000000000000000000000000000000000000000000000000000000000000000000000000
000000000110000001100000000110000000000000000000000000000000000000000000000000000000000000000000000000000000000000
000000000110000001100000000110000000000000000000000000000000000000000000000000000000000000000000000000000000000000
000000000111111110011111111110000000000000000000000000000000000000000000000000000000000000000000000000000000000000
000000000111111110011111111110000000000000000000000000000000000000000000000000000000000000000000000000000000000000
000001111110000001100000000110000000000000000000000000000000000000000000000000000000000000000000000000000000000000
000001111110000001100000000110000000000000000000000000000000000000000000000000000000000000000000000000000000000000
000110000110000110000001111110000000000000000000000000000000000000000000000000000000000000000000000000000000000000
000110000110000110000001111110000000000000000000000000000000000000000000000000000000000000000000000000000000000000
000000000110000110000000011111100000000000000000000000000000000000000000000000000000000000000000000000000000000000
000000000110000110000000011111100000000000000000000000000000000000000000000000000000000000000000000000000000000000
000000000110011001100000000001100000000000000000000000000000000000000000000000000000000000000000000000000000000000
000000000110011001100000000001100000000000000000000000000000000000000000000000000000000000000000000000000000000000
000000000110011001100000000110000000000000000000000000000000000000000000000000000000000000000000000000000000000000
000000000110011001100000000110000000000000000000000000000000000000000000000000000000000000000000000000000000000000
000000000001100000000000011110000000000000000000000000000000000000000000000000000000000000000000000000000000000000
000000000001100000000000011110000000000000000000000000000000000000000000000000000000000000000000000000000000000000
000000000001100000000000000110000000000000000000000000000000000000000000000000000000000000000000000000000000000000
000000000001100000000000000110000000000000000000000000000000000000000000000000000000000000000000000000000000000000
000000000111111000000001111111111111100000000000000000000000000000000000000000000000000000000000000000000000000000
000000000111111000000001111111111111100000000000000000000000000000000000000000000000000000000000000000000000000000
000000011111111110000000000111111111111110000000000000000000000000000000000000000000000000000000000000000000000000
000000011111111110000000000111111111111110000000000000000000000000000000000000000000000000000000000000000000000000
000000011111111111111000000111111111111111100000000000000000000000000000000000000000000000000000000000000000000000
000000011111111111111000000111111111111111100000000000000000000000000000000000000000000000000000000000000000000000
000001111111111111111111100000011111111111111000000000000000000000000000000000000000000000000000000000000000000000
000001111111111111111111100000011111111111111000000000000000000000000000000000000000000000000000000000000000000000
000001111111111111111111100000011111111111111110000000000000000000000000000000000000000000000000000000000000000000
000001111111111111111111100000011111111111111110000000000000000000000000000000000000000000000000000000000000000000
000001111111111111111111111111100000011111111111100000000000000000000000000000000000000000000000000000000000000000
000001111111111111111111111111100000011111111111100000000000000000000000000000000000000000000000000000000000000000
000001111110000111111111111000000000000111111110011110000000000000000000000000000000000000000000000000000000000000
000001111110000111111111111000000000000111111110011110000000000000000000000000000000000000000000000000000000000000
000001111111111000000000000000000000000111111110000001111000000000000000000000000000000000000000000000000000000000
000001111111111000000000000000000000000111111110000001111000000000000000000000000000000000000000000000000000000000
000001111111111110000000000000000000011111111110000000000111111000000000000000000000000000000000000000000000000000
000001111111111110000000000000000000011111111110000000000111111000000000000000000000000000000000000000000000000000
000001111111111110000000000000011111111110000001111111100000000110000000000000000000000000000000000000000000000000
000001111111111110000000000000011111111110000001111111100000000110000000000000000000000000000000000000000000000000
000000011111111110000001111111111111111111100000000001111000000110000000000000000000000000000000000000000000000000
000000011111111110000001111111111111111111100000000001111000000110000000000000000000000000000000000000000000000000
000000011111111110000111111111111111111001100000000000011111111110000000000000000000000000000000000000000000000000
000000011111111110000111111111111111111001100000000000011111111110000000000000000000000000000000000000000000000000
000000000001111111111111111111111111100001100000000000000000000000000000000000000000000000000000000000000000000000
000000000001111111111111111111111111100001100000000000000000000000000000000000000000000000000000000000000000000000
000000000000000001111111111111111000000111111110000000000000000000000000000000000000000000000000000000000000000000
000000000000000001111111111111111000000111111110000000000000000000000000000000000000000000000000000000000000000000
000000000000000001100001111000000111111111111111100000000000000000000000000000000000000000000000000000000000000000
000000000000000001100001111000000111111111111111100000000000000000000000000000000000000000000000000000000000000000
000000000000000001111000000000000111111111111111111110000000000000000000000000000000000000000000000000000000000000
000000000000000001111000000000000111111111111111111110000000000000000000000000000000000000000000000000000000000000
000000000000000001111111111000011000011111111111111111111000000000000000000000000000000000000000000000000000000000
000000000000000001111111111000011000011111111111111111111000000000000000000000000000000000000000000000000000000000
000000000000000001111111111000011000011111111111111111111110000000000000000000000000000000000000000000000000000000
000000000000000001111111111000011000011111111111111111111110000000000000000000000000000000000000000000000000000000
000000000000000001111111111000011111100111111111111111111110000000000000000000000000000000000000000000000000000000
000000000000000001111111111000011111100111111111111111111110000000000000000000000000000000000000000000000000000000
000000000000000001111111100111111111111111111111111111111110000000000000000000000000000000000000000000000000000000
000000000000000001111111100111111111111111111111111111111110000000000000000000000000000000000000000000000000000000
000000000000000001111111100111111111111111111110011111111110000000000000000000000000000000000000000000000000000000
000000000000000001111111100111111111111111111110011111111110000000000000000000000000000000000000000000000000000000
000000000000000001111111100111111111100001100001111111111110000000000000000000000000000000000000000000000000000000
000000000000000001111111100111111111100001100001111111111110000000000000000000000000000000000000000000000000000000
000000000000000001111111111111111110000000011111111111111000000000000000000000000000000000000000000000000000000000
000000000000000001111111111111111110000000011111111111111000000000000000000000000000000000000000000000000000000000
000000000000000001111111111111111000000000011111111111111000000000000000000000000000000000000000000000000000000000
000000000000000001111111111111111000000000011111111111111000000000000000000000000000000000000000000000000000000000
000000000000000000011111111111111000000111111111111110000000000000000000000000000000000000000000000000000000000000
000000000000000000011111111111111000000111111111111110000000000000000000000000000000000000000000000000000000000000
000000000000000000011111111111100000000110011111111111100000000000000000000000000000000000000000000000000000000000
000000000000000000011111111111100000000110011111111111100000000000000000000000000000000000000000000000000000000000
000000000000000000000111111111100000000111100001111110011000000000000000000000000000000000000000000000000000000000
000000000000000000000111111111100000000111100001111110011000000000000000000000000000000000000000000000000000000000
000000000000000000000111111111111000000000011110000000011110000000000000000000000000000000000000000000000000000000
000000000000000000000111111111111000000000011110000000011110000000000000000000000000000000000000000000000000000000
000000000000000000000111111111111000000000000001100000000110000000000000000000000000000000000000000000000000000000
000000000000000000000111111111111000000000000001100000000110000000000000000000000000000000000000000000000000000000
000000000000000000000001111111111000000000000000011111111110000000000000000000000000000000000000000000000000000000
000000000000000000000001111111111000000000000000011111111110000000000000000000000000000000000000000000000000000000
000000000000000000000001111111111110000000000000000000000000000000000000000000000000000000000000000000000000000000
000000000000000000000001111111111110000000000000000000000000000000000000000000000000000000000000000000000000000000
000000000000000000000001111111111110000000000000000000000000000000000000000000000000000000000000000000000000000000
000000000000000000000001111111111110000000000000000000000000000000000000000000000000000000000000000000000000000000
000000000000000000000001111111111110000000000000000000000000000000000000000000000000000000000000000000000000000000
000000000000000000000001111111111110000000000000000000000000000000000000000000000000000000000000000000000000000000
000000000000000000000001111111111111100000000000000000000000000000000000000000000000000000000000000000000000000000
000000000000000000000001111111111111100000000000000000000000000000000000000000000000000000000000000000000000000000
000000000000000000000001111111111111100000000000000000000000000000000000000000000000000000000000000000000000000000
000000000000000000000001111111111111100000000000000000000000000000000000000000000000000000000000000000000000000000
000000000000000000000000000111111111100111100111100111100000000000000000000000000000000000000000000000000000000000
000000000000000000000000000111111111100111100111100111100000000000000000000000000000000000000000000000000000000000
000000011110011110011110011000011111111110011110011110011110000000000000000000000000000000000000000000000000000000
000000011110011110011110011000011111111110011110011110011110000000000000000000000000000000000000000000000000000000
000001111001111001111001111000000000011001111001111001111000000000000000000000000000000000000000000000000000000000
000001111001111001111001111000000000011001111001111001111000000000000000000000000000000000000000000000000000000000
000000000111100111100111100000000000011111100111100000000000000000000000000000000000000000000000000000000000000000
000000000111100111100111100000000000011111100111100000000000000000000000000000000000000000000000000000000000000000
000000000000000000000001111111111111100000000000000000000000000000000000000000000000000000000000000000000000000000
000000000000000000000001111111111111100000000000000000000000000000000000000000000000000000000000000000000000000000
000000000000000000000000000000000000000000000000000000000000000000000000000000000000000000000000000000000000000000
000000000000000000000000000000000000000000000000000000000000000000000000000000000000000000000000000000000000000000
000000000000000000000000000000000000000000000000000000000000000000000000000000000000000000000000000000000000000000