000000000000000000000000000000000000000000000000000000000000000000000000000000000000000000000000000000000000000000
000000000000000000000000000000000000000000000000000000000000000000000000000000000000000000000000000000000000000000
000000000000000000000000000000000000000000000000000000000000000000000000000000000000000000000000000000000000000000
000000000000000000000000000000000000000000000000000000000000000000000000000000000000000000000000000000000000000000
000000000000000000000000000000000000000000000000000000000000000000000000000000000000000000000000000000000000000000
000000000000000001111111111000000000000000000000000000000000000000000000000000000000000000000000000000000000000000
000000000000000001111111111000000000000000000000000000000000000000000000000000000000000000000000000000000000000000
000000000000000110000000000110000000000000000000000000000000000000000000000000000000000000000000000000000000000000
000000000000000110000000000110000000000000000000000000000000000000000000000000000000000000000000000000000000000000
000000000000011000011111111111100000000000000000000000000000000000000000000000000000000000000000000000000000000000
000000000000011000011111111111100000000000000000000000000000000000000000000000000000000000000000000000000000000000
000000000001100111100111111001100000000000000000000000000000000000000000000000000000000000000000000000000000000000
000000000001100111100111111001100000000000000000000000000000000000000000000000000000000000000000000000000000000000
000000000001111001111000000111100000000000000000000000000000000000000000000000000000000000000000000000000000000000
000000000001111001111000000111100000000000000000000000000000000000000000000000000000000000000000000000000000000000
000000011110000110000000000000011000000000000000000000000000000000000000000000000000000000000000000000000000000000
000000011110000110000000000000011000000000000000000000000000000000000000000000000000000000000000000000000000000000
000001111001100110011111100111111000000000000000000000000000000000000000000000000000000000000000000000000000000000
000001111001100110011111100111111000000000000000000000000000000000000000000000000000000000000000000000000000000000
000000000001111000000111100110011000000000000000000000000000000000000000000000000000000000000000000000000000000000
000000000001111000000111100110011000000000000000000000000000000000000000000000000000000000000000000000000000000000
000000000001111110000000000110011000011111111111100000000000000000000000000000000000000000000000000000000000000000
000000000001111110000000000110011000011111111111100000000000000000000000000000000000000000000000000000000000000000
000000000001100110000000000000011111111111111111111111111111100000011111111111100000000000000000000000000000000000
000000000001100110000000000000011111111111111111111111111111100000011111111111100000000000000000000000000000000000
000000000001111000000001111000011111111110011111111111111000011111100000000000011110000000000000000000000000000000
000000000001111000000001111000011111111110011111111111111000011111100000000000011110000000000000000000000000000000
000000000000000111100000000001111111111111100001111111100000000000000000011110000001100000000000000000000000000000
000000000000000111100000000001111111111111100001111111100000000000000000011110000001100000000000000000000000000000
000000000001111110011000000110011111111111111111111111111000000001111110011000000001100000000000000000000000000000
000000000001111110011000000110011111111111111111111111111000000001111110011000000001100000000000000000000000000000
000000000111111000000111111000011111111111111111100001111111111111111111111110000001100000000000000000000000000000
000000000111111000000111111000011111111111111111100001111111111111111111111110000001100000000000000000000000000000
000000000111111110000000000110011111111111111111111111111111100000000000000001111110000000000000000000000000000000
000000000111111110000000000110011111111111111111111111111111100000000000000001111110000000000000000000000000000000
000000011111111111111000000000000111111111111111111110011111111111111111111000000000000000000000000000000000000000
000000011111111111111000000000000111111111111111111110011111111111111111111000000000000000000000000000000000000000
000000011111111111111111100000000111111111111111111110011111111111111111111111111110000000000000000000000000000000
000000011111111111111111100000000111111111111111111110011111111111111111111111111110000000000000000000000000000000
000001111111111111111111111111111111111111111111111110011111111111111111111111111111100000000000000000000000000000
000001111111111111111111111111111111111111111111111110011111111111111111111111111111100000000000000000000000000000
000001111111111111111111111111111111111111111111100001111110000111111111111111111111111000000000000000000000000000
000001111111111111111111111111111111111111111111100001111110000111111111111111111111111000000000000000000000000000
000001111111111001111111111111111111111111111111100001111001111111111111111111111111111000000000000000000000000000
000001111111111001111111111111111111111111111111100001111001111111111111111111111111111000000000000000000000000000
000001111111111111111111111111111111111111111110000000011111111111111111111111111111111111100000000000000000000000
000001111111111111111111111111111111111111111110000000011111111111111111111111111111111111100000000000000000000000
000001111111111111100111111111111111111111111110011111111111111111111111111000011111100000011000000000000000000000
000001111111111111100111111111111111111111111110011111111111111111111111111000011111100000011000000000000000000000
000001111111111001100000000111111111111111111110000001111111111111111111100111111111100000011000000000000000000000
000001111111111001100000000111111111111111111110000001111111111111111111100111111111100000011000000000000000000000
000000011111111111111000000000000111111111100001100001111111111110000001111111111000000001111000000000000000000000
000000011111111111111000000000000111111111100001100001111111111110000001111111111000000001111000000000000000000000
000000011111111111111110000000000000011000011111100001111111111000000001111000000111111110000000000000000000000000
000000011111111111111110000000000000011000011111100001111111111000000001111000000111111110000000000000000000000000
000000000001111110000001111111100000000111111111111110011111111000000000011111111000000000000000000000000000000000
000000000001111110000001111111100000000111111111111110011111111000000000011111111000000000000000000000000000000000
000000000001111110000000000000011110000111111111111110011111100000000000000000000000000000000000000000000000000000
000000000001111110000000000000011110000111111111111110011111100000000000000000000000000000000000000000000000000000
000000000000000111111000000000000111100111111111111111111111100000000000000000000000000000000000000000000000000000
000000000000000111111000000000000111100111111111111111111111100000000000000000000000000000000000000000000000000000
000000000000000000000111100000000001100000011111111111111110000000000000000000000000000000000000000000000000000000
000000000000000000000111100000000001100000011111111111111110000000000000000000000000000000000000000000000000000000
000000000000000000000000011110011000011000011111111111111110000000000000000000000000000000000000000000000000000000
000000000000000000000000011110011000011000011111111111111110000000000000000000000000000000000000000000000000000000
000000000000000000000000000001111111100000011111111111111110000000000000000000000000000000000000000000000000000000
000000000000000000000000000001111111100000011111111111111110000000000000000000000000000000000000000000000000000000
000000000000000000000000000000000000000000011111111111111110000000000000000000000000000000000000000000000000000000
000000000000000000000000000000000000000000011111111111111110000000000000000000000000000000000000000000000000000000
000000000000000000000000000000000000000000011111111111111110000000000000000000000000000000000000000000000000000000
000000000000000000000000000000000000000000011111111111111110000000000000000000000000000000000000000000000000000000
000000000000000000000000000000000000000000011111111111111110000000000000000000000000000000000000000000000000000000
000000000000000000000000000000000000000000011111111111111110000000000000000000000000000000000000000000000000000000
000000000000000000000000000000000000000000011111111111111110000000000000000000000000000000000000000000000000000000
000000000000000000000000000000000000000000011111111111111110000000000000000000000000000000000000000000000000000000
000000000000000000000000000000000000000000011111111111111110000000000000000000000000000000000000000000000000000000
000000000000000000000000000000000000000000011111111111111110000000000000000000000000000000000000000000000000000000
000000000000000000000000000000000000000000011111111111111110000000000000000000000000000000000000000000000000000000
000000000000000000000000000000000000000000011111111111111110000000000000000000000000000000000000000000000000000000
000000000000000000000000000000000000000000011111111111111111100000000000000000000000000000000000000000000000000000
000000000000000000000000000000000000000000011111111111111111100000000000000000000000000000000000000000000000000000
000000000000000000000000000000000000000000000001111111111111100000000000000000000000000000000000000000000000000000
000000000000000000000000000000000000000000000001111111111111100000000000000000000000000000000000000000000000000000
000000000000000000000000000000000000000000000001111111111111111000000000000000000000000000000000000000000000000000
000000000000000000000000000000000000000000000001111111111111111000000000000000000000000000000000000000000000000000
000000000000000000000000000000000000000000000001111111111111111000000000000000000000000000000000000000000000000000
000000000000000000000000000000000000000000000001111111111111111000000000000000000000000000000000000000000000000000
000000000000000000000000000000000000000000000001111111111111111000000000000000000000000000000000000000000000000000
000000000000000000000000000000000000000000000001111111111111111000000000000000000000000000000000000000000000000000
000000000000000000000000000000000000000000000000011111111111111000000000000000000000000000000000000000000000000000
000000000000000000000000000000000000000000000000011111111111111000000000000000000000000000000000000000000000000000
000001111001111000000000000000000000000000000000011111111111111000000000000000000000000000000000000000000000000000
000001111001111000000000000000000000000000000000011111111111111000000000000000000000000000000000000000000000000000
000001100111100111100111100111100111100111100000000001111000011000000000000000000000000000000000000000000000000000
000001100111100111100111100111100111100111100000000001111000011000000000000000000000000000000000000000000000000000
000000011110011110011110011110011110011110011110011001100000011000011110000000011110011110000000000000000000000000
000000011110011110011110011110011110011110011110011001100000011000011110000000011110011110000000000000000000000000
000000000001111001111001111001111001111001111001111001100000011001111001111001111001111001111000000000000000000000
000000000001111001111001111001111001111001111001111001100000011001111001111001111001111001111000000000000000000000
000000000000000111100111100111100111100111100111100111100000011111100111100111100111100111100000000000000000000000
000000000000000111100111100111100111100111100111100111100000011111100111100111100111100111100000000000000000000000
000000000000000000000000000000011110011110011110011000000000000110011110011110011110011110000000000000000000000000
000000000000000000000000000000011110011110011110011000000000000110011110011110011110011110000000000000000000000000
000000000000000000000000000000000000000001111001100000000001111111111000000000000000000000000000000000000000000000
000000000000000000000000000000000000000001111001100000000001111111111000000000000000000000000000000000000000000000
000000000000000000000000000000000000000000000001111111111111100000000000000000000000000000000000000000000000000000
000000000000000000000000000000000000000000000001111111111111100000000000000000000000000000000000000000000000000000
000000000000000000000000000000000000000000000000000000000000000000000000000000000000000000000000000000000000000000
000000000000000000000000000000000000000000000000000000000000000000000000000000000000000000000000000000000000000000
000000000000000000000000000000000000000000000000000000000000000000000000000000000000000000000000000000000000000000