000000000000000000000000000000000000000000000000000000000000000000000000000000000000000000000000000000000000000000
000000000000000000000000000000000000000000000000000000000000000000000000000000000000000000000000000000000000000000
000000000000000000000000000000000000000000000000000000000000000000000000000000000000000000000000000000000000000000
000000000000000000000000000000000000000000000000000000000000000000000000000000000000000000000000000000000000000000
000000000000000000000000000000000000000000000000000000000000000000000000000000000000000000000000000000000000000000
000000000000000000000000000000000000000000000000000000000000000000000000000000000000000000000000000000000000000000
000000000000011111111111100000000000000000000000000000000000000000000000000000000000000000000000000000000000000000
000000000000011111111111100000000000000000000000000000000000000000000000000000000000000000000000000000000000000000
000000000001100000000000011000000000000000000000000000000000000000000000000000000000000000000000000000000000000000
000000000001100000000000011000000000000000000000000000000000000000000000000000000000000000000000000000000000000000
000000000110011111111110000110000000000000000000000000000000000001111111111111111110000000000000000000000000000000
000000000110011111111110000110000000000000000000000000000000000001111111111111111110000000000000000000000000000000
000000011001100111111000011110000000000000000000000000011111111110000000000000000001100000000000000000000000000000
000000011001100111111000011110000000000000000000000000011111111110000000000000000001100000000000000000000000000000
000001111110011000000111111110000000000000000111111111111110000000000000000000000001100000000000000000000000000000
000001111110011000000111111110000000000000000111111111111110000000000000000000000001100000000000000000000000000000
000110011001111000000000000110000000011111111111111111111000000000000111111111100001100000000000000000000000000000
000110011001111000000000000110000000011111111111111111111000000000000111111111100001100000000000000000000000000000
011000011001100001111110011110000111111111111111111111111110000111111000000001111111100000000000000000000000000000
011000011001100001111110011110000111111111111111111111111110000111111000000001111111100000000000000000000000000000
000000011001100000011000011110011111111111111111111111111111111000000000000000000000000000000000000000000000000000
000000011001100000011000011110011111111111111111111111111111111000000000000000000000000000000000000000000000000000
000000011000011000000000000111111111111111111111111111111110011000000000000000000000000000000000000000000000000000
000000011000011000000000000111111111111111111111111111111110011000000000000000000000000000000000000000000000000000
000000011000011000000111100111111111111110011111111111111111111000000000000000000000000000000000000000000000000000
000000011000011000000111100111111111111110011111111111111111111000000000000000000000000000000000000000000000000000
000000000111100000000111100111111111111111100001111110000000000000000000000000000000000000000000000000000000000000
000000000111100000000111100111111111111111100001111110000000000000000000000000000000000000000000000000000000000000
000000000001100000000000000111111111111111111111100000000000000000000000000000000000000000000000000000000000000000
000000000001100000000000000111111111111111111111100000000000000000000000000000000000000000000000000000000000000000
000000000001111001111001111000011111111111111111111110000000000111111111111111111111111110000000000111111111111000
000000000001111001111001111000011111111111111111111110000000000111111111111111111111111110000000000111111111111000
000000011111111000000111100000000111111111111111111111111111111111111111111111111111111111111111111111111000011110
000000011111111000000111100000000111111111111111111111111111111111111111111111111111111111111111111111111000011110
000000011111111110000000000111111111111111111111111110011111111111111111111111111111111111100000000000000000000000
000000011111111110000000000111111111111111111111111110011111111111111111111111111111111111100000000000000000000000
000001111111111111111111111111111111111111111111111110011111111111111111111111111111111111100000000000000000000000
000001111111111111111111111111111111111111111111111110011111111111111111111111111111111111100000000000000000000000
000001111111111111111111111111111111111111111111111110011111111111111111111111111111111111100000011111111000000000
000001111111111111111111111111111111111111111111111110011111111111111111111111111111111111100000011111111000000000
000001111111111111111111111111111111111111111111100001111110000111111111111111111111111111111111100000011111111110
000001111111111111111111111111111111111111111111100001111110000111111111111111111111111111111111100000011111111110
000001111111111001111111111111111111111111111111100001111001111111111111111111111111111111111110000000000000000000
000001111111111001111111111111111111111111111111100001111001111111111111111111111111111111111110000000000000000000
000001111111111110000111111111111111111111111110000000011111111111111111111000000000000000000000000000000000000000
000001111111111110000111111111111111111111111110000000011111111111111111111000000000000000000000000000000000000000
000001111111111111111111111111111111111111111110011111111111111111111000000000000000000000000000000000000000000000
000001111111111111111111111111111111111111111110011111111111111111111000000000000000000000000000000000000000000000
000001111111111111111000000111111111111111111110000001111111111110000000000000000000000000000000000000000000000000
000001111111111111111000000111111111111111111110000001111111111110000000000000000000000000000000000000000000000000
000001111111111111111000000000000000011111100001100001111111111110000000000000000000000000000000000000000000000000
000001111111111111111000000000000000011111100001100001111111111110000000000000000000000000000000000000000000000000
000000011111111111111110000000000000000110011111100001111111111000000000000000000000000000000000000000000000000000
000000011111111111111110000000000000000110011111100001111111111000000000000000000000000000000000000000000000000000
000000000111111111100001100000000000000111111111111110011111111000000000000000000000000000000000000000000000000000
000000000111111111100001100000000000000111111111111110011111111000000000000000000000000000000000000000000000000000
000000000001111110000000011000000000000111111111111110011111100000000000000000000000000000000000000000000000000000
000000000001111110000000011000000000000111111111111110011111100000000000000000000000000000000000000000000000000000
000000000000011111100000000110000000000001111111111111111111100000000000000000000000000000000000000000000000000000
000000000000011111100000000110000000000001111111111111111111100000000000000000000000000000000000000000000000000000
000000000000000000011000000001111000000000011111111111111110000000000000000000000000000000000000000000000000000000
000000000000000000011000000001111000000000011111111111111110000000000000000000000000000000000000000000000000000000
000000000000000000000110000000000110000000011111111111111110000000000000000000000000000000000000000000000000000000
000000000000000000000110000000000110000000011111111111111110000000000000000000000000000000000000000000000000000000
000000000000000000000001111000000001111000011111111111111110000000000000000000000000000000000000000000000000000000
000000000000000000000001111000000001111000011111111111111110000000000000000000000000000000000000000000000000000000
000000000000000000000000000110000110011000011111111111111110000000000000000000000000000000000000000000000000000000
000000000000000000000000000110000110011000011111111111111110000000000000000000000000000000000000000000000000000000
000000000000000000000000000110000001100000011111111111111110000000000000000000000000000000000000000000000000000000
000000000000000000000000000110000001100000011111111111111110000000000000000000000000000000000000000000000000000000
000000000000000000000000000001100001100000011111111111111110000000000000000000000000000000000000000000000000000000
000000000000000000000000000001100001100000011111111111111110000000000000000000000000000000000000000000000000000000
000000000000000000000000000000011111100000011111111111111110000000000000000000000000000000000000000000000000000000
000000000000000000000000000000011111100000011111111111111110000000000000000000000000000000000000000000000000000000
000000000000000000000000000000000000000000011111111111111111100000000000000000000000000000000000000000000000000000
000000000000000000000000000000000000000000011111111111111111100000000000000000000000000000000000000000000000000000
000000000000000000000000000000000000000000000111111111111111100000000000000000000000000000000000000000000000000000
000000000000000000000000000000000000000000000111111111111111100000000000000000000000000000000000000000000000000000
000000000000000000000000000000000000000000000001111111111111100000000000000000000000000000000000000000000000000000
000000000000000000000000000000000000000000000001111111111111100000000000000000000000000000000000000000000000000000
000000000000000000000000000000000000000000000001111111111111111000000000000000000000000000000000000000000000000000
000000000000000000000000000000000000000000000001111111111111111000000000000000000000000000000000000000000000000000
000000000000000000000000000000000000000000000001111111111111111000000000000000000000000000000000000000000000000000
000000000000000000000000000000000000000000000001111111111111111000000000000000000000000000000000000000000000000000
000000000000000000000000000000000000000000000001111111111111111000000000000000000000000000000000000000000000000000
000000000000000000000000000000000000000000000001111111111111111000000000000000000000000000000000000000000000000000
000000000000000000000000000000000000000000000000011111111111111000000000000000000000000000000000000000000000000000
000000000000000000000000000000000000000000000000011111111111111000000000000000000000000000000000000000000000000000
000000000000000000000000000000000000000000000000011111111111111000000000000000000000000000000000000000000000000000
000000000000000000000000000000000000000000000000011111111111111000000000000000000000000000000000000000000000000000
000001111001111000000000000000000000000000000000011111111111111000000000000000000000000000000000000000000000000000
000001111001111000000000000000000000000000000000011111111111111000000000000000000000000000000000000000000000000000
000001100111100111100111100111100111100111100111100001111110011000000000000000000000000000000000000000000000000000
000001100111100111100111100111100111100111100111100001111110011000000000000000000000000000000000000000000000000000
000000000000011110011110011110011110011110011110011110000000000111100111100111100111100111100111100111100111100000
000000000000011110011110011110011110011110011110011110000000000111100111100111100111100111100111100111100111100000
000000000000000001111001111001111001111001111001111110000000000110011110011110011110011110011110011110011110011110
000000000000000001111001111001111001111001111001111110000000000110011110011110011110011110011110011110011110011110
000000000000000000000111100111100111100111100111100110000000000001111001111001111001111001111001111001111001111000
000000000000000000000111100111100111100111100111100110000000000001111001111001111001111001111001111001111001111000
000000000000000000000000000000000000000000011111111000000000011110000000000000000000000000000000000111100111100110
000000000000000000000000000000000000000000011111111000000000011110000000000000000000000000000000000111100111100110
000000000000000000000000000000000000000000000001100000000001111110000000000000000000000000000000000000000000000000
000000000000000000000000000000000000000000000001100000000001111110000000000000000000000000000000000000000000000000
000000000000000000000000000000000000000000000001111111111111111000000000000000000000000000000000000000000000000000
000000000000000000000000000000000000000000000001111111111111111000000000000000000000000000000000000000000000000000