000000000000000000000000000000000000000000000000000000000000000000000000000000000000000000000000000000000000000000
000000000000000000000000000000000000000000000000000000000000000000000000000000000000000000000000000000000000000000
000000000000000000000000000000000000000000000000000000000000000000000000000000000000000000000000000000000000000000
000000000000000000000000000000000000000000000000000000000000000000000000000000000000000000000000000000000000000000
000000000000000000000000000000000000000000000000000000000000000000000000000000000000000000000000000000000000000000
000000000000000000000000000000000000000000000000000000000000000000000000000000000000000000000000000000000000000000
000000000000000000000000000000000000000000000000000000000000000000000000000000000000000000000000000000000000000000
000000000000000000000000000000000000000000000000000000000000000000000000000000000000000000000000000000000000000000
000000000000000000000000000000000000000000000000000000000000000000000000000000000000000000000000000000000000000000
000000000000000000000000000000000000000000000000000000000000000000000000000000000000000000000000000000000000000000
000000000000000000000000000000000000000000000000000000000000000000000000000000000000000000000000000000000000000000
000000000000000000000000000000000000000000000000000000000000000000000000000000000000000000000000000000000000000000
000000000000000000000000000000000000000000000000000000000000000000000000000000000000000000000000000000000000000000
000000000000000000000000000000000000000000000000000000000000000000000000000000000000000000000000000000000000000000
000000000000000000000000000000000000000000000000000000000000000000000000000000000000000000000000000000000000000000
000000000000000000000000000000000000000000000000000000000000000000000000000000000000000000000000000000000000000000
000000000000000000000000000000000000000000000000000000000000000000000000000000000000000000000000000000000000000000
000000000000000000000000000000000000000000000000000000000000000000000000000000000000000000000000000000000000000000
000000000000000000000000000000000000000000000000000000000000000000000000000000000000000000000000000000000000000000
000000000000000000000000000000000000000000000000000000000000000000000000000000000000000000000000000000000000000000
000000000000000000000000000000000000011111100000000000000000000000000000000000000000000000000000000000000000000000
000000000000000000000000000000000000011111100000000000000000000000000000000000000000000000000000000000000000000000
000000000000000000000000000000000000011000011110000000000000000000000000000000000000000000000000000000000000000000
000000000000000000000000000000000000011000011110000000000000000000000000000000000000000000000000000000000000000000
000000000000000000000001111111100000011000000110000000000000000000000000000000000000000000000000000000000000000000
000000000000000000000001111111100000011000000110000000000000000000000000000000000000000000000000000000000000000000
000000000000000000000111100000011000011001111110000000000000000000000000000000000000000000000000000000000000000000
000000000000000000000111100000011000011001111110000000000000000000000000000000000000000000000000000000000000000000
000000000000000001111111111000000110011001100110000000000000000000000000000000000000000000000000000000000000000000
000000000000000001111111111000000110011001100110000000000000000000000000000000000000000000000000000000000000000000
000000000001111111111111100111111110011110000110000000000000000000000000000000000000000000000000000000000000000000
000000000001111111111111100111111110011110000110000000000000000000000000000000000000000000000000000000000000000000
000000011110000110000001111000000110000110000110000000000000000000000000000000000000000000000000000000000000000000
000000011110000110000001111000000110000110000110000000000000000000000000000000000000000000000000000000000000000000
000000000001111001100001100001111110000110000110000000000000000000000000000000000000000000000000000000000000000000
000000000001111001100001100001111110000110000110000000000000000000000000000000000000000000000000000000000000000000
000000011110000001100111100000011111100110000110000000000000000000000000000000000000000000000000000000000000000000
000000011110000001100111100000011111100110000110000000000000000000000000000000000000000000000000000000000000000000
000000000000000001111001111000000001100110000001100000000000000000000000000000000000000000000000000000000000000000
000000000000000001111001111000000001100110000001100000000000000000000000000000000000000000000000000000000000000000
000000000000000001111001111000000110000110000001100000000000000000000000000000000000000000000000000000000000000000
000000000000000001111001111000000110000110000001100000000000000000000000000000000000000000000000000000000000000000
000000000000000000000110000000011110000110000001100000000000000000000000000000000000000000000000000000000000000000
000000000000000000000110000000011110000110000001100000000000000000000000000000000000000000000000000000000000000000
000000000000000001111000011000000110011110000001100000000000000000000000000000000000000000000000000000000000000000
000000000000000001111000011000000110011110000001100000000000000000000000000000000000000000000000000000000000000000
000000000000000110000000000111111110011111100001100000000000000000000000000000000000000000000000000000000000000000
000000000000000110000000000111111110011111100001100000000000000000000000000000000000000000000000000000000000000000
000000000000011111111000000000011111111111111111100000000000000000000000000000000000000000000000000000000000000000
000000000000011111111000000000011111111111111111100000000000000000000000000000000000000000000000000000000000000000
000000000001111111111111100000011111111111111111100000000000000000000000000000000000000000000000000000000000000000
000000000001111111111111100000011111111111111111100000000000000000000000000000000000000000000000000000000000000000
000000000111111111111111111000011111111111111111100000000000000000000000000000000000000000000000000000000000000000
000000000111111111111111111000011111111111111111100000000000000000000000000000000000000000000000000000000000000000
000000000111111110000111111111111111111111111110000000000000000000000000000000000000000000000000000000000000000000
000000000111111110000111111111111111111111111110000000000000000000000000000000000000000000000000000000000000000000
000000011111111001111111111111111111111111100000000000000000000000000000000000000000000000000000000000000000000000
000000011111111001111111111111111111111111100000000000000000000000000000000000000000000000000000000000000000000000
000000011111111111111111111111111110011110000000000000000000000000000000000000000000000000000000000000000000000000
000000011111111111111111111111111110011110000000000000000000000000000000000000000000000000000000000000000000000000
000000011111111110011111111111111111100000000000000000000000000000000000000000000000000000000000000000000000000000
000000011111111110011111111111111111100000000000000000000000000000000000000000000000000000000000000000000000000000
000000011111111111100111111111111111100000000000000000000000000000000000000000000000000000000000000000000000000000
000000011111111111100111111111111111100000000000000000000000000000000000000000000000000000000000000000000000000000
000000011111111111100111111111111111100000000000000000000000000000000000000000000000000000000000000000000000000000
000000011111111111100111111111111111100000000000000000000000000000000000000000000000000000000000000000000000000000
000000011111111111111001111111100000011110000000000000000000000000000000000000000000000000000000000000000000000000
000000011111111111111001111111100000011110000000000000000000000000000000000000000000000000000000000000000000000000
000000011111111111111111111000000000000001100001111111111000000000000000000000000000000000000000000000000000000000
000000011111111111111111111000000000000001100001111111111000000000000000000000000000000000000000000000000000000000
000000000111111111100000000000000000000001111111111111111110000000000000000000000000000000000000000000000000000000
000000000111111111100000000000000000000001111111111111111110000000000000000000000000000000000000000000000000000000
000000000111111110000000000000000000000111111111111111111111100000000000000000000000000000000000000000000000000000
000000000111111110000000000000000000000111111111111111111111100000000000000000000000000000000000000000000000000000
000000000111111000000000000000011111111111111111111111111111100000000000000000000000000000000000000000000000000000
000000000111111000000000000000011111111111111111111111111111100000000000000000000000000000000000000000000000000000
000000000001111000000000011111100111100111111111111111111111100000000000000000000000000000000000000000000000000000
000000000001111000000000011111100111100111111111111111111111100000000000000000000000000000000000000000000000000000
000000000000000111111111111111100111100111111111111111111111100000000000000000000000000000000000000000000000000000
000000000000000111111111111111100111100111111111111111111111100000000000000000000000000000000000000000000000000000
000000000000000111111111111110011000011111111111111111111111100000000000000000000000000000000000000000000000000000
000000000000000111111111111110011000011111111111111111111111100000000000000000000000000000000000000000000000000000
000000000000000111111111111110011111100111111111100111111110000000000000000000000000000000000000000000000000000000
000000000000000111111111111110011111100111111111100111111110000000000000000000000000000000000000000000000000000000
000000000000000000011111111110011111100110011110011111111110000000000000000000000000000000000000000000000000000000
000000000000000000011111111110011111100110011110011111111110000000000000000000000000000000000000000000000000000000
000000000000000001100111111111111111111111100001111111111110000000000000000000000000000000000000000000000000000000
000000000000000001100111111111111111111111100001111111111110000000000000000000000000000000000000000000000000000000
000000000000000001111000011111111111111111100001111111111110000000000000000000000000000000000000000000000000000000
000000000000000001111000011111111111111111100001111111111110000000000000000000000000000000000000000000000000000000
000000000001111111111111100111100111111111111111111111111000000000000000000000000000000000000000000000000000000000
000000000001111111111111100111100111111111111111111111111000000000000000000000000000000000000000000000000000000000
000000000001100111111111111000011111111111111001111111111000000000000000000000000000000000000000000000000000000000
000000000001100111111111111000011111111111111001111111111000000000000000000000000000000000000000000000000000000000
000000000001100001111111111110011111111111111001111111111000000000000000000000000000000000000000000000000000000000
000000000001100001111111111110011111111111111001111111111000000000000000000000000000000000000000000000000000000000
000000000110000000011111111111100111111111111001111111111000000000000000000000000000000000000000000000000000000000
000000000110000000011111111111100111111111111001111111111000000000000000000000000000000000000000000000000000000000
000000000110000000011000000111111111111111100111111000011110000000000000000000000000000000000000000000000000000000
000000000110000000011000000111111111111111100111111000011110000000000000000000000000000000000000000000000000000000
000000000110000000011110000000011111111110000110011000000001111000000000000000000000000000000000000000000000000000
000000000110000000011110000000011111111110000110011000000001111000000000000000000000000000000000000000000000000000
000000000001100000000001100001111001111001111110000000000000000110000000000000000000000000000000000000000000000000
000000000001100000000001100001111001111001111110000000000000000110000000000000000000000000000000000000000000000000
000000000000011111111111111111100111100111100111111111111111111110000000000000000000000000000000000000000000000000
000000000000011111111111111111100111100111100111111111111111111110000000000000000000000000000000000000000000000000