000000000000000000000000000000000000000000000000000000000000000000000000000000000000000000000000000000000000000000
000000000000000000000000000000000000000000000000000000000000000000000000000000000000000000000000000000000000000000
000000000000000000000000000000000000000000000000000000000000000000000000000000000000000000000000000000000000000000
000000000000000000000000000000000000000000000000000000000000000000000000000000000000000000000000000000000000000000
000000000000000000000000000000000000000000000000000000000000000000000000000000000000000000000000000000000000000000
000000000000000000000000000000000000000000000000000000000000000000000000000000000000000000000000000000000000000000
000000000000000000000000000000000000000000000000000000000000000000000000000000000000000000000000000000000000000000
000000000000000000000000000000000000000000000000000000000000000000000000000000000000000000000000000000000000000000
000000000000000000000000000000000000000000000000000000000000000000000000000000000000000000000000000000000000000000
000000000000000000000000000000000000000000000000000000000000000000000000000000000000000000000000000000000000000000
000000000000000000000000000000000000000000000000000000000000000000000000000000000000000000000000000000000000000000
000000000000000000000000000000000000000000000000000000000000000000000000000000000000000000000000000000000000000000
000000000000000000000000000000000000000000000000000000000000000000000000000000000000000000000000000000000000000000
000000000000000000000000000000000000000000000000000000000000000000000000000000000000000000000000000000000000000000
000000000000000000000000000000000000000000000000000000000000000000000000000000000000000000000000000000000000000000
000000000000000000000000000000000000000000000000000000000000000000000000000000000000000000000000000000000000000000
000000000000000000000000000000000000000000000000000000000000000000000000000000000000000000000000000000000000000000
000000000000000000000000000000000000000000000000000000000000000000000000000000000000000000000000000000000000000000
000000000000000000000000000000000000000000000000000000000000000000000000000000000000000000000000000000000000000000
000000000000000000000000000000000000000000000000000000000000000000000000000000000000000000000000000000000000000000
000000000000000000000000000000000000000000000000000000000000000000000000000000000000000000000000000000000000000000
000000000000000000000000000000000000000000000000000000000000000000000000000000000000000000000000000000000000000000
000000000000000000000000000000000000000000000000000000000000000000000000000000000000000000000000000000000000000000
000000000000000000000000000000000000000000000000000000000000000000000000000000000000000000000000000000000000000000
000000000000000000000000000000000000000000000000000000000000000000000000000000000000000000000000000000000000000000
000000000000000000000000000000000000000000000000000000000000000000000000000000000000000000000000000000000000000000
000000000000000000000000000000000000000000000000000000000000000000000000000000000000000000000000000000000000000000
000000000000000000000000000000000000000000000000000000000000000000000000000000000000000000000000000000000000000000
000000000000000000000000000000000000000000000000000000000000000000000000000000000000000000000000000000000000000000
000000000000000000000000000000000000000000000000000000000000000000000000000000000000000000000000000000000000000000
000000000000000000000000000000000000000000000000000000000000000000000000000000000000000000000000000000000000000000
000000000000000000000000000000000000000000000000000000000000000000000000000000000000000000000000000000000000000000
000000000000000000000000000000000111111110000000000000000000000000000000000000000000000000000000000000000000000000
000000000000000000000000000000000111111110000000000000000000000000000000000000000000000000000000000000000000000000
000000000000000000000000000001111000000001100000000000000000000000000000000000000000000000000000000000000000000000
000000000000000000000000000001111000000001100000000000000000000000000000000000000000000000000000000000000000000000
000000000000000000000000000110000111111001100000000000000000000000000000000000000000000000000000000000000000000000
000000000000000000000000000110000111111001100000000000000000000000000000000000000000000000000000000000000000000000
000000000000000000000000000111111000011111111000000000000000000000000000000000000000000000000000000000000000000000
000000000000000000000000000111111000011111111000000000000000000000000000000000000000000000000000000000000000000000
000000000000000000000111111000000111100000011000000000000000000000000000000000000000000000000000000000000000000000
000000000000000000000111111000000111100000011000000000000000000000000000000000000000000000000000000000000000000000
000000000000000000000000011000011000000111111000000000000000000000000000000000000000000000000000000000000000000000
000000000000000000000000011000011000000111111000000000000000000000000000000000000000000000000000000000000000000000
000000000000000000000000011000011000000001111110000000000000000000000000000000000000000000000000000000000000000000
000000000000000000000000011000011000000001111110000000000000000000000000000000000000000000000000000000000000000000
000000000000000000000000011001100110000000000110000000000000000000000000000000000000000000000000000000000000000000
000000000000000000000000011001100110000000000110000000000000000000000000000000000000000000000000000000000000000000
000000000000000000000000011111100110000000011000000000000000000000000000000000000000000000000000000000000000000000
000000000000000000000000011111100110000000011000000000000000000000000000000000000000000000000000000000000000000000
000000000000000000000000000001100000000001111000000000000000000000000000000000000000000000000000000000000000000000
000000000000000000000000000001100000000001111000000000000000000000000000000000000000000000000000000000000000000000
000000000000000000000000000001100001100000011000000000000000000000000000000000000000000000000000000000000000000000
000000000000000000000000000001100001100000011000000000000000000000000000000000000000000000000000000000000000000000
000000000000000000000000000111100000011111111111100000000000000000000000000000000000000000000000000000000000000000
000000000000000000000000000111100000011111111111100000000000000000000000000000000000000000000000000000000000000000
000000000000000000000001111111100000000111111111111110000000000000000000000000000000000000000000000000000000000000
000000000000000000000001111111100000000111111111111110000000000000000000000000000000000000000000000000000000000000
000000000000000000000111111111111000000111111111111111111110000000000000000000000000000000000000000000000000000000
000000000000000000000111111111111000000111111111111111111110000000000000000000000000000000000000000000000000000000
000000000000000000011111111111111000000111111111111111111111111000000000000000000000000000000000000000000000000000
000000000000000000011111111111111000000111111111111111111111111000000000000000000000000000000000000000000000000000
000000000000000001111111111111111000011111111111111111111111111000000000000000000000000000000000000000000000000000
000000000000000001111111111111111000011111111111111111111111111000000000000000000000000000000000000000000000000000
000000000000000001111111111111111000011111111000011111111111111110000000000000000000000000000000000000000000000000
000000000000000001111111111111111000011111111000011111111111111110000000000000000000000000000000000000000000000000
000000000000000111111111111111111111111111111111111111111111111000000000000000000000000000000000000000000000000000
000000000000000111111111111111111111111111111111111111111111111000000000000000000000000000000000000000000000000000
000000000000000111111111111001111111111111111111100001111110000110000000000000000000000000000000000000000000000000
000000000000000111111111111001111111111111111111100001111110000110000000000000000000000000000000000000000000000000
000000000000011111111111111001111111111111111111100000000001100001100000000000000000000000000000000000000000000000
000000000000011111111111111001111111111111111111100000000001100001100000000000000000000000000000000000000000000000
000000000000011111111111100111111111111111111110011111111111100000011110000000000000000000000000000000000000000000
000000000000011111111111100111111111111111111110011111111111100000011110000000000000000000000000000000000000000000
000000000000011111111111100111111111111111100001111111111111100000011111100000000000000000000000000000000000000000
000000000000011111111111100111111111111111100001111111111111100000011111100000000000000000000000000000000000000000
000000000001111111111110011111111110011111111111111111111111111000000111100000000000000000000000000000000000000000
000000000001111111111110011111111110011111111111111111111111111000000111100000000000000000000000000000000000000000
000000000001111111111111111110000111111111111111111111111111111000000001100000000000000000000000000000000000000000
000000000001111111111111111110000111111111111111111111111111111000000001100000000000000000000000000000000000000000
000000000001111111111111111001111111111111111001111111111111111000000111100000000000000000000000000000000000000000
000000000001111111111111111001111111111111111001111111111111111000000111100000000000000000000000000000000000000000
000000000001111111111111111111111111111111111110000111111000011001111111100000000000000000000000000000000000000000
000000000001111111111111111111111111111111111110000111111000011001111111100000000000000000000000000000000000000000
000000000001111001111001111110000111111111111111111110011111111111111111100000000000000000000000000000000000000000
000000000001111001111001111110000111111111111111111110011111111111111111100000000000000000000000000000000000000000
000000000001100000011000011111111000011111111111111111100001111111111110000000000000000000000000000000000000000000
000000000001100000011000011111111000011111111111111111100001111111111110000000000000000000000000000000000000000000
000000000001100000011000011111111111100111111111111111111001111111111111111000000000000000000000000000000000000000
000000000001100000011000011111111111100111111111111111111001111111111111111000000000000000000000000000000000000000
000000000001100000011001100001111111100111111111111111111001111111111000000110000000000000000000000000000000000000
000000000001100000011001100001111111100111111111111111111001111111111000000110000000000000000000000000000000000000
000000000000011000011001100001111111111111111111111111111110011111100000000001100000000000000000000000000000000000
000000000000011000011001100001111111111111111111111111111110011111100000000001100000000000000000000000000000000000
000000000000011000011001100001111111111111111111111111111001100000000000000001100000000000000000000000000000000000
000000000000011000011001100001111111111111111111111111111001100000000000000001100000000000000000000000000000000000
000000000000011000011001100001111111111111111111111111100000011111111111111110000000000000000000000000000000000000
000000000000011000011001100001111111111111111111111111100000011111111111111110000000000000000000000000000000000000
000000000001100000011001100000011111111111111111111000000111100111100111100000000000000000000000000000000000000000
000000000001100000011001100000011111111111111111111000000111100111100111100000000000000000000000000000000000000000
000000011111100000000111100000011110000000000000011110011110011110011110000000000000000000000000000000000000000000
000000011111100000000111100000011110000000000000011110011110011110011110000000000000000000000000000000000000000000
000001100000000111100001111000000001100001111001111001111001111001111001111000000000000000000000000000000000000000
000001100000000111100001111000000001100001111001111001111001111001111001111000000000000000000000000000000000000000
000001111111111000011110000111111111100111100111100111100111100111100111100000000000000000000000000000000000000000
000001111111111000011110000111111111100111100111100111100111100111100111100000000000000000000000000000000000000000