000000000000000000000000000000000000000000000000000000000000000000000000000000000000000000000000000000000000000000
000000000000000000000000000000000000000000000000000000000000000000000000000000000000000000000000000000000000000000
000000000000000000000000000000000000000000000000000000000000000000000000000000000000000000000000000000000000000000
000000000000000000000000000000000000000000000000000000000000000000000000000000000000000000000000000000000000000000
000000000000000000000000000000000000000000000000000000000000000000000000000000000000000000000000000000000000000000
000000000000000000000000000000000000000000000000000000000000000000000000000000000000000000000000000000000000000000
000000000000000000000000000000000000000000000000000000000000000000000000000000000000000000000000000000000000000000
000000000000000000000000000000000000000000000000000000000000000000000000000000000000000000000000000000000000000000
000000000000000000000000000000000000000000000000000000000000000000000000000000000000000000000000000000000000000000
000000000000000000000000000000000000000000000000000000000000000000000000000000000000000000000000000000000000000000
000000000000000000000000000000000000000000000000000000000000000000000000000000000000000000000000000000000000000000
000000000000000000000000000000000000000000000000000000000000000000000000000000000000000000000000000000000000000000
000000000000000000000000000000000000000000000000000000000000000000000000000000000000000000000000000000000000000000
000000000000000000000000000000000000000000000000000000000000000000000000000000000000000000000000000000000000000000
000000000000000000000000000000000000000000000000000000000000000000000000000000000000000000000000000000000000000000
000000000000000000000000000000000000000000000000000000000000000000000000000000000000000000000000000000000000000000
000000000000000000000000000000000000000000000000000000000000000000000000000000000000000000000000000000000000000000
000000000000000000000000000000000000000000000000000000000000000000000000000000000000000000000000000000000000000000
000000000000000000000000000000000000000000000000000000000000000000000000000000000000000000000000000000000000000000
000000000000000000000000000000000000000000000000000000000000000000000000000000000000000000000000000000000000000000
000000000000000000000000000000000000000000000000000000000000000000000000000000000000000000000000000000000000000000
000000000000000000000000000000000000000000000000000000000000000000000000000000000000000000000000000000000000000000
000000000000000000000000000000000000000000000000000000000000000000000000000000000000000000000000000000000000000000
000000000000000000000000000000000000000000000000000000000000000000000000000000000000000000000000000000000000000000
000000000000000000000000000000000000000000000000000000000000000000000000000000000000000000000000000000000000000000
000000000000000000000000000000000000000000000000000000000000000000000000000000000000000000000000000000000000000000
000000000000000000000000000000000000000000000000000000000000000000000000000000000000000000000000000000000000000000
000000000000000000000000000000000000000000000000000000000000000000000000000000000000000000000000000000000000000000
000000000000000000000000000000000000000000000000000000000000000000000000000000000000000000000000000000000000000000
000000000000000000000000000000000000000000000000000000000000000000000000000000000000000000000000000000000000000000
000000000000000000000000000000000000000000000000000000000000000000000000000000000000000000000000000000000000000000
000000000000000000000000000000000000000000000000000000000000000000000000000000000000000000000000000000000000000000
000000000000000000000000000000000000000000000000000000000000000000000000000000000000000000000000000000000000000000
000000000000000000000000000000000000000000000000000000000000000000000000000000000000000000000000000000000000000000
000000000000000000000000000000000000000000000000000000000000000000000000000000000000000000000000000000000000000000
000000000000000000000000000000000000000000000000000000000000000000000000000000000000000000000000000000000000000000
000000000000000000000000000000000000000000000000000000000000000000000000000000000000000000000000000000000000000000
000000000000000000000000000000000000000000000000000000000000000000000000000000000000000000000000000000000000000000
000000000000000000000000000000000000000000000000000000000000000000000000000000000000000000000000000000000000000000
000000000000000000000000000000000000000000000000000000000000000000000000000000000000000000000000000000000000000000
000000000000000000000000000000000000000000000000000000000000000000000000000000000000000000000000000000000000000000
000000000000000000000000000000000000000000000000000000000000000000000000000000000000000000000000000000000000000000
000000000000000000000000000000000000000000000000000000000000000000000000000000000000000000000000000000000000000000
000000000000000000000000000000000000000000000000000000000000000000000000000000000000000000000000000000000000000000
000000000000000000000001111000000000011111100000000000000000000000000000000000000000000000000000000000000000000000
000000000000000000000001111000000000011111100000000000000000000000000000000000000000000000000000000000000000000000
000000000000000000000000000111100111100000011110000000000000000000000000000000000000000000000000000000000000000000
000000000000000000000000000111100111100000011110000000000000000000000000000000000000000000000000000000000000000000
000000000000000000000001111000011000000000000001100000000000000000000000000000000000000000000000000000000000000000
000000000000000000000001111000011000000000000001100000000000000000000000000000000000000000000000000000000000000000
000000000000000000000000000111111000000000000111100000000000000000000000000000000000000000000000000000000000000000
000000000000000000000000000111111000000000000111100000000000000000000000000000000000000000000000000000000000000000
000000000000000000000000000001100111111111111001100000000000000000000000000000000000000000000000000000000000000000
000000000000000000000000000001100111111111111001100000000000000000000000000000000000000000000000000000000000000000
000000000000000000000000000001100000000000000001100000000000000000000000000000000000000000000000000000000000000000
000000000000000000000000000001100000000000000001100000000000000000000000000000000000000000000000000000000000000000
000000000000000000000000000001100001111111111001100000000000000000000000000000000000000000000000000000000000000000
000000000000000000000000000001100001111111111001100000000000000000000000000000000000000000000000000000000000000000
000000000000000000000000000111100110000000000111100000000000000000000000000000000000000000000000000000000000000000
000000000000000000000000000111100110000000000111100000000000000000000000000000000000000000000000000000000000000000
000000000000000000000001111111111001111110011111100000000000000000000000000000000000000000000000000000000000000000
000000000000000000000001111111111001111110011111100000000000000000000000000000000000000000000000000000000000000000
000000000000000000000111111111100000011000011001111110000000000000000000000000000000000000000000000000000000000000
000000000000000000000111111111100000011000011001111110000000000000000000000000000000000000000000000000000000000000
000000000000000001111111111111111000000000000001111111111000000000000000000000000000000000000000000000000000000000
000000000000000001111111111111111000000000000001111111111000000000000000000000000000000000000000000000000000000000
000000000000000001111111111111111000000111100001111111111110000000000000000000000000000000000000000000000000000000
000000000000000001111111111111111000000111100001111111111110000000000000000000000000000000000000000000000000000000
000000000000000001111111111111111110000111100001111111111110000000000000000000000000000000000000000000000000000000
000000000000000001111111111111111110000111100001111111111110000000000000000000000000000000000000000000000000000000
000000000000000111111111111000011001100000000111111111111111100000000000000000000000000000000000000000000000000000
000000000000000111111111111000011001100000000111111111111111100000000000000000000000000000000000000000000000000000
000000000000000111111111100111111110011111111111111111111111111000000000000000000000000000000000000000000000000000
000000000000000111111111100111111110011111111111111111111111111000000000000000000000000000000000000000000000000000
000000000000000111111111100111111111100000011111100111111111111000000000000000000000000000000000000000000000000000
000000000000000111111111100111111111100000011111100111111111111000000000000000000000000000000000000000000000000000
000000000000000111111111100000011111111000011111100111111111111000000000000000000000000000000000000000000000000000
000000000000000111111111100000011111111000011111100111111111111000000000000000000000000000000000000000000000000000
000000000000011111111110011111100111111111111111111001111111111110000000000000000000000000000000000000000000000000
000000000000011111111110011111100111111111111111111001111111111110000000000000000000000000000000000000000000000000
000000000000011111111111111111111001111111111111111001111111111001111000000000000000000000000000000000000000000000
000000000000011111111111111111111001111111111111111001111111111001111000000000000000000000000000000000000000000000
000000000000011111111111111111111110011111111111111001111111111111111111111000000000000000000000000000000000000000
000000000000011111111111111111111110011111111111111001111111111111111111111000000000000000000000000000000000000000
000000000001111111111001111111111111100111111110011001111000011111111111111111100000000000000000000000000000000000
000000000001111111111001111111111111100111111110011001111000011111111111111111100000000000000000000000000000000000
000000000001111111111001111111111111111001111001111111100000000111111111111111111111100000000000000000000000000000
000000000001111111111001111111111111111001111001111111100000000111111111111111111111100000000000000000000000000000
000000000001111111111001111111111111111110011110011111100000000111111111111111111111111110000000000000000000000000
000000000001111111111001111111111111111110011110011111100000000111111111111111111111111110000000000000000000000000
000000000001111111111001111111111111111110011110011111100000000111111111111111111111111111100000000000000000000000
000000000001111111111001111111111111111110011110011111100000000111111111111111111111111111100000000000000000000000
000000000001100111111001111111111111111110011111111111100000000111111111111111111111111111111111100000000000000000
000000000001100111111001111111111111111110011111111111100000000111111111111111111111111111111111100000000000000000
000000000001100110000000000111111111100110011000011111111000000111111111111111111111111111111111111111111000000000
000000000001100110000000000111111111100110011000011111111000000111111111111111111111111111111111111111111000000000
000000000110000110000000000111111000000111100000000000011000000111111111111111111111111111111111100000011111111110
000000000110000110000000000111111000000111100000000000011000000111111111111111111111111111111111100000011111111110
000001111000000110000000000000000110000001111000000000011000000110000001111111111111111111111111100000000000000110
000001111000000110000000000000000110000001111000000000011000000110000001111111111111111111111111100000000000000110
000110000000000001111001111001111000000001111110000001100000000001100000000000000111111111111110000000000000011110
000110000000000001111001111001111000000001111110000001100000000001100000000000000111111111111110000000000000011110
011000000001111000011111100111100000000000000110011110000111100001111001111001111001111111111111111110000000011000
011000000001111000011111100111100000000000000110011110000111100001111001111001111001111111111111111110000000011000
000111111110000111111110011110011111111111111000000111111000011111100111100111100111100111111111100001111111111000
000111111110000111111110011110011111111111111000000111111000011111100111100111100111100111111111100001111111111000