000000000000000000000000000000000000000000000000000000000000000000000000000000000000000000000000000000000000000000
000000000000000000000000000000000000000000000000000000000000000000000000000000000000000000000000000000000000000000
000000000000000000000000000000000000000000000000000000000000000000000000000000000000000000000000000000000000000000
000000000000000000000000000000000000000000000000000000000000000000000000000000000000000000000000000000000000000000
000000000000000000000000000000000000000000000000000000000000000000000000000000000000000000000000000000000000000000
000000000000000000000000000000000000000000000000000000000000000000000000000000000000000000000000000000000000000000
000000000000000000000000000000000000000000000000000000000000000000000000000000000000000000000000000000000000000000
000000000000000000000000000000000000000000000000000000000000000000000000000000000000000000000000000000000000000000
000000000000000000000000000000000000000000000000000000000000000000000000000000000000000000000000000000000000000000
000000000000000000000000000000000000000000000000000000000000000000000000000000000000000000000000000000000000000000
000000000000000000000000000000000000000000000000000000000000000000000000000000000000000000000000000000000000000000
000000000000000000000000000000000000000000000000000000000000000000000000000000000000000000000000000000000000000000
000000000000000000000000000000000000000000000000000000000000000000000000000000000000000000000000000000000000000000
000000000000000000000000000000000000000000000000000000000000000000000000000000000000000000000000000000000000000000
000000000000000000000000000000000000000000000000000000000000000000000000000000000000000000000000000000000000000000
000000000000000000000000000000000000000000000000000000000000000000000000000000000000000000000000000000000000000000
000000000000000000000000000000000000000000000000000000000000000000000000000000000000000000000000000000011111111000
000000000000000000000000000000000000000000000000000000000000000000000000000000000000000000000000000000011111111000
000000000000000000000000000000000000000000000000000000000000000000000000000000000000000000000000011111111000011110
000000000000000000000000000000000000000000000000000000000000000000000000000000000000000000000000011111111000011110
000000000000000000000000000000000000000000000000000000000000000000000000000000000000000000011111100000000000000110
000000000000000000000000000000000000000000000000000000000000000000000000000000000000000000011111100000000000000110
000000000000000000000000000000000000000000000000000001111111111111111000000000011111111111100000000000000000000110
000000000000000000000000000000000000000000000000000001111111111111111000000000011111111111100000000000000000000110
000000000000000000000000000000000000000000011111111110000000000000000111111111111111111111100000000000011111111110
000000000000000000000000000000000000000000011111111110000000000000000111111111111111111111100000000000011111111110
000000000000000000000000000000000000000111111111100000000000000000000111111111111111111111111110011111111000000000
000000000000000000000000000000000000000111111111100000000000000000000111111111111111111111111110011111111000000000
000000011111111110000000000000011111111111111111100001111111100000011111111111111111111111111111100000000000000000
000000011111111110000000000000011111111111111111100001111111100000011111111111111111111111111111100000000000000000
000001111000000111111001111111111111111111111111111110011111111111111111111111111111111111111000000000000000000000
000001111000000111111001111111111111111111111111111110011111111111111111111111111111111111111000000000000000000000
011110000001111111111111111111111111111111111111100001111111111111111111111111111111111111111000000000000000000000
011110000001111111111111111111111111111111111111100001111111111111111111111111111111111111111000000000000000000000
011001111111111110000111111111111111111111111000000111111111111111111111111111111111100000000000000000000000000000
011001111111111110000111111111111111111111111000000111111111111111111111111111111111100000000000000000000000000000
011001100000011000011111111111111111111110000001111111111111111111111111111110000000000000000000000000000000000000
011001100000011000011111111111111111111110000001111111111111111111111111111110000000000000000000000000000000000000
011110000001100110011001111111111111100000000111111111111111111111111111100000000000000000000000000000000000000000
011110000001100110011001111111111111100000000111111111111111111111111111100000000000000000000000000000000000000000
011000000110011110000001111111111111111110011111111111111111111111100000000000000000000000000000000000000000000000
011000000110011110000001111111111111111110011111111111111111111111100000000000000000000000000000000000000000000000
011000000110000000011110011111111111111110011111111111111111111110000000000000000000000000000000000000000000000000
011000000110000000011110011111111111111110011111111111111111111110000000000000000000000000000000000000000000000000
011110011110000001111000011000011111111110011111100000011111111000000000000000000000000000000000000000000000000000
011110011110000001111000011000011111111110011111100000011111111000000000000000000000000000000000000000000000000000
000001111000000000000001100000011111111110000000011111111111100000000000000000000000000000000000000000000000000000
000001111000000000000001100000011111111110000000011111111111100000000000000000000000000000000000000000000000000000
000000011110000000000000011111111111111110011111111111111110000000000000000000000000000000000000000000000000000000
000000011110000000000000011111111111111110011111111111111110000000000000000000000000000000000000000000000000000000
000000011111111000000001111111111111111110000001111111111110000000000000000000000000000000000000000000000000000000
000000011111111000000001111111111111111110000001111111111110000000000000000000000000000000000000000000000000000000
000001111111111111111111111111111111111000011110011111111000000000000000000000000000000000000000000000000000000000
000001111111111111111111111111111111111000011110011111111000000000000000000000000000000000000000000000000000000000
000001111111111111111111111111111111100111111111100111111000000000000000000000000000000000000000000000000000000000
000001111111111111111111111111111111100111111111100111111000000000000000000000000000000000000000000000000000000000
000111111111111111111111111111111111100111111111111111100000000000000000000000000000000000000000000000000000000000
000111111111111111111111111111111111100111111111111111100000000000000000000000000000000000000000000000000000000000
000111111111111111111111111111111110011111111111111111100000000000000000000000000000000000000000000000000000000000
000111111111111111111111111111111110011111111111111111100000000000000000000000000000000000000000000000000000000000
011111111111111111111000000111111001111111111111111110000000000000000000000000000000000000000000000000000000000000
011111111111111111111000000111111001111111111111111110000000000000000000000000000000000000000000000000000000000000
011111111111111110000000000000000111111111111111111110000000000000000000000000000000000000000000000000000000000000
011111111111111110000000000000000111111111111111111110000000000000000000000000000000000000000000000000000000000000
011111111111111110000000000000000000011111111111111110000000000000000000000000000000000000000000000000000000000000
011111111111111110000000000000000000011111111111111110000000000000000000000000000000000000000000000000000000000000
000111111111111000000000000000000000011111111111111110000000000000000000000000000000000000000000000000000000000000
000111111111111000000000000000000000011111111111111110000000000000000000000000000000000000000000000000000000000000
000111111111111000000000000000000000011111111111111110000000000000000000000000000000000000000000000000000000000000
000111111111111000000000000000000000011111111111111110000000000000000000000000000000000000000000000000000000000000
000001111111111110000000000000000000011111111111111110000000000000000000000000000000000000000000000000000000000000
000001111111111110000000000000000000011111111111111110000000000000000000000000000000000000000000000000000000000000
000001111111111110000000000000000000011111111111111110000000000000000000000000000000000000000000000000000000000000
000001111111111110000000000000000000011111111111111110000000000000000000000000000000000000000000000000000000000000
000000011110000110000000000000000000000111111111111110000000000000000000000000000000000000000000000000000000000000
000000011110000110000000000000000000000111111111111110000000000000000000000000000000000000000000000000000000000000
000000000110000110000000000000000000000111111111111111100000000000000000000000000000000000000000000000000000000000
000000000110000110000000000000000000000111111111111111100000000000000000000000000000000000000000000000000000000000
000000000110000001100000000000000000000111111111111111100000000000000000000000000000000000000000000000000000000000
000000000110000001100000000000000000000111111111111111100000000000000000000000000000000000000000000000000000000000
000000000001100000011000000000000000000111111111111111100000000000000000000000000000000000000000000000000000000000
000000000001100000011000000000000000000111111111111111100000000000000000000000000000000000000000000000000000000000
000000000000011000000111100000000000000000011111111111100000000000000000000000000000000000000000000000000000000000
000000000000011000000111100000000000000000011111111111100000000000000000000000000000000000000000000000000000000000
000000000000000110000001100000000000000000011111111111111000000000000000000000000000000000000000000000000000000000
000000000000000110000001100000000000000000011111111111111000000000000000000000000000000000000000000000000000000000
000000000000000001100000011000000000000000011111111111111000000000000000000000000000000000000000000000000000000000
000000000000000001100000011000000000000000011111111111111000000000000000000000000000000000000000000000000000000000
000000000000000001111111111000000000000000011111111111111000000000000000000000000000000000000000000000000000000000
000000000000000001111111111000000000000000011111111111111000000000000000000000000000000000000000000000000000000000
000000000000000000000000000000000000000000011111111111111000000000000000000000000000000000000000000000000000000000
000000000000000000000000000000000000000000011111111111111000000000000000000000000000000000000000000000000000000000
000000000000000000000000000000000000000111111111111111111000000000000000000000000000000000000000000000000000000000
000000000000000000000000000000000000000111111111111111111000000000000000000000000000000000000000000000000000000000
000000000000000000011110011110011110011110011111111111111111100000000111100111100111100111100111100111100000000000
000000000000000000011110011110011110011110011111111111111111100000000111100111100111100111100111100111100000000000
000001111001111001111001111001111001111000011000011111111110011110011110011110011110011110011110011110011110000000
000001111001111001111001111001111001111000011000011111111110011110011110011110011110011110011110011110011110000000
000111100111100111100111100111100111100001100000000001111001111001111001111001111001111001111001111001111001111000
000111100111100111100111100111100111100001100000000001111001111001111001111001111001111001111001111001111001111000
011110011110011110011110011110011110000110000000000001100111100110000000000000000000000000000000000111100111100000
011110011110011110011110011110011110000110000000000001100111100110000000000000000000000000000000000111100111100000
000000000000000001111001111000000000011000000000011110011110000000000000000000000000000000000000000000000000000000
000000000000000001111001111000000000011000000000011110011110000000000000000000000000000000000000000000000000000000
000000000000000000000000000000000000011111111111111000000000000000000000000000000000000000000000000000000000000000
000000000000000000000000000000000000011111111111111000000000000000000000000000000000000000000000000000000000000000