000000000000000000000000000000000000000000000000000000000000000000000000000000000000000000000000000000000000000000
000000000000000000000000000000000000000000000000000000000000000000000000000000000000000000000000000000000000000000
000000000000000000000000000111111111100000000000000000000000000000000000000000000000000000000000000000000000000000
000000000000000000000000000111111111100000000000000000000000000000000000000000000000000000000000000000000000000000
000000000000000000000001111000000000011000000000000000000000000000000000000000000000000000000000000000000000000000
000000000000000000000001111000000000011000000000000000000000000000000000000000000000000000000000000000000000000000
000000000000000000000110000111111000000110000000000000000000000000000000000000000000000000000000000000000000000000
000000000000000000000110000111111000000110000000000000000000000000000000000000000000000000000000000000000000000000
000000000000000000011111111000000111111110000000000000000000000000000000000000000000000000000000000000000000000000
000000000000000000011111111000000111111110000000000000000000000000000000000000000000000000000000000000000000000000
000000000000000001100110000000011000000110000000000000000000000000000000000000000000000000000000000000000000000000
000000000000000001100110000000011000000110000000000000000000000000000000000000000000000000000000000000000000000000
000000000000000110000110000001100001111110000000000000000000000000000000000000000000000000000000000000000000000000
000000000000000110000110000001100001111110000000000000000000000000000000000000000000000000000000000000000000000000
000000000000000000000110000111100000011111100000000000000000000000000000000000000000000000000000000000000000000000
000000000000000000000110000111100000011111100000000000000000000000000000000000000000000000000000000000000000000000
000000000000000000000110000110011000000001100000000000000000000000000000000000000000000000000000000000000000000000
000000000000000000000110000110011000000001100000000000000000000000000000000000000000000000000000000000000000000000
000000000000000000000001100110011000000110000000000000000000000000000000000000000000000000000000000000000000000000
000000000000000000000001100110011000000110000000000000000000000000000000000000000000000000000000000000000000000000
000000000000000000000001111000000000011110000000000000000000000000000000000000000000000000000000000000000000000000
000000000000000000000001111000000000011110000000000000000000000000000000000000000000000000000000000000000000000000
000000000000000000000000000110000110000110000000000000000000000000000000000000000000000000000000000000000000000000
000000000000000000000000000110000110000110000000000000000000000000000000000000000000000000000000000000000000000000
000000000000000000000001111000000001111110000000000000000000000000000000000000000000000000000000000000000000000000
000000000000000000000001111000000001111110000000000000000000000000000000000000000000000000000000000000000000000000
000000000000000000000111111111111001100000000000000000000000000000000000000000000000000000000000000000000000000000
000000000000000000000111111111111001100000000000000000000000000000000000000000000000000000000000000000000000000000
000000000000000001111111111111111111111110000000000000000000000000000000000000000000000000000000000000000000000000
000000000000000001111111111111111111111110000000000000000000000000000000000000000000000000000000000000000000000000
000000000000000111111111111111111111111111100000000000000000000000000111111110000000000000000000000000000000000000
000000000000000111111111111111111111111111100000000000000000000000000111111110000000000000000000000000000000000000
000000000000011111111111111111111111111111111110000000000000000001111000000110000000000000000000000000000000000000
000000000000011111111111111111111111111111111110000000000000000001111000000110000000000000000000000000000000000000
000000000001111111111111111111111111111111111111111110000000011110000000000110000000000000000000000000000000000000
000000000001111111111111111111111111111111111111111110000000011110000000000110000000000000000000000000000000000000
000000000001111111111111111111111111111111111111111111111111111000000000000110000000000000000000000000000000000000
000000000001111111111111111111111111111111111111111111111111111000000000000110000000000000000000000000000000000000
000000000001111111111111111111111111111111111111111111111110000000000001111110000000000000000000000000000000000000
000000000001111111111111111111111111111111111111111111111110000000000001111110000000000000000000000000000000000000
000000000001111111100111111111111000011111111111111111111110000001111111100000000000000000000000000000000000000000
000000000001111111100111111111111000011111111111111111111110000001111111100000000000000000000000000000000000000000
000000000001111111100111111111111111100111111111111111111111111110000000000000000000000000000000000000000000000000
000000000001111111100111111111111111100111111111111111111111111110000000000000000000000000000000000000000000000000
000000000000000111111111111111111111111110011111111111100110000000000000000000000000000000000000000000000000000000
000000000000000111111111111111111111111110011111111111100110000000000000000000000000000000000000000000000000000000
000000000000000111111111111111111111111110000000000111111110000000000000000000000000000000000000000000000000000000
000000000000000111111111111111111111111110000000000111111110000000000000000000000000000000000000000000000000000000
000000000000000001111111111111111111111110000000000000000000000000000000000000000000000000000000000000000000000000
000000000000000001111111111111111111111110000000000000000000000000000000000000000000000000000000000000000000000000
000000000000000000000111111111111111111110000000000000000000000000000000000000000000000000000000000000000000000000
000000000000000000000111111111111111111110000000000000000000000000000000000000000000000000000000000000000000000000
000000000000000000000000000111111111100000000000000000000000000000000000000000000000000000000000000000000000000000
000000000000000000000000000111111111100000000000000000000000000000000000000000000000000000000000000000000000000000
000000000000000000000111100000000000000111100000000000000000000000000000000000000000000000000000000000000000000000
000000000000000000000111100000000000000111100000000000000000000000000000000000000000000000000000000000000000000000
000000000000000000000111111111111000000111100000000000000000000000000000000000000000000000000000000000000000000000
000000000000000000000111111111111000000111100000000000000000000000000000000000000000000000000000000000000000000000
000000000000000000000111111111111111100111111000000000000000000000000000000000000000000000000000000000000000000000
000000000000000000000111111111111111100111111000000000000000000000000000000000000000000000000000000000000000000000
000000000000000000000111111111111110011111111000000000000000000000000000000000000000000000000000000000000000000000
000000000000000000000111111111111110011111111000000000000000000000000000000000000000000000000000000000000000000000
000000000000000000000111111111111110011111111000000000000000000000000000000000000000000000000000000000000000000000
000000000000000000000111111111111110011111111000000000000000000000000000000000000000000000000000000000000000000000
000000000000000000011111111111111111111111111110000000000000000000000000000000000000000000000000000000000000000000
000000000000000000011111111111111111111111111110000000000000000000000000000000000000000000000000000000000000000000
000000000000000000011111111111111111111111111111100000000000000000000000000000000000000000000000000000000000000000
000000000000000000011111111111111111111111111111100000000000000000000000000000000000000000000000000000000000000000
000000000000000000011111111111111111111111111111111000000000000000000000000000000000000000000000000000000000000000
000000000000000000011111111111111111111111111111111000000000000000000000000000000000000000000000000000000000000000
000000000000000000011111111111111111111111111111111000000000000000000000000000000000000000000000000000000000000000
000000000000000000011111111111111111111111111111111000000000000000000000000000000000000000000000000000000000000000
000000000000000000011111111111111111111111111111111110000000000000000000000000000000000000000000000000000000000000
000000000000000000011111111111111111111111111111111110000000000000000000000000000000000000000000000000000000000000
000000000000000001111111111111111110011111111111111110000000000000000000000000000000000000000000000000000000000000
000000000000000001111111111111111110011111111111111110000000000000000000000000000000000000000000000000000000000000
000000000000000001111111111111111000000111111111111110000000000000000000000000000000000000000000000000000000000000
000000000000000001111111111111111000000111111111111110000000000000000000000000000000000000000000000000000000000000
000000000000000111111111111111111000000111111111111110000000000000000000000000000000000000000000000000000000000000
000000000000000111111111111111111000000111111111111110000000000000000000000000000000000000000000000000000000000000
000000000000011111111111111111111000000111111111111110000000000000000000000000000000000000000000000000000000000000
000000000000011111111111111111111000000111111111111110000000000000000000000000000000000000000000000000000000000000
000000000000011111111111111111100000000001111111111110000000000000000000000000000000000000000000000000000000000000
000000000000011111111111111111100000000001111111111110000000000000000000000000000000000000000000000000000000000000
000000000001111111111111111111100000000001111111111110000000000000000000000000000000000000000000000000000000000000
000000000001111111111111111111100000000001111111111110000000000000000000000000000000000000000000000000000000000000
000000000111111111111111111110000000000001111111111110000000000000000000000000000000000000000000000000000000000000
000000000111111111111111111110000000000001111111111110000000000000000000000000000000000000000000000000000000000000
000000000111111111111111111000000000000001111111111110000000000000000000000000000000000000000000000000000000000000
000000000111111111111111111000000000000001111111111110000000000000000000000000000000000000000000000000000000000000
000000011111111111111111100000000000000001111111111110000000000000000000000000000000000000000000000000000000000000
000000011111111111111111100000000000000001111111111110000000000000000000000000000000000000000000000000000000000000
000001111111111111111000000000000000000111111111111110000000000000000000000000000000000000000000000000000000000000
000001111111111111111000000000000000000111111111111110000000000000000000000000000000000000000000000000000000000000
000001111111111110000111100111100111100111111111111110000000000000000000000000000000000000000000000000000000000000
000001111111111110000111100111100111100111111111111110000000000000000000000000000000000000000000000000000000000000
000001100110011110011110011110011110011111111111111110000000011110011110000000000000000000000000000000000000000000
000001100110011110011110011110011110011111111111111110000000011110011110000000000000000000000000000000000000000000
000001100000000111100001111001111001111000011110000001111001111001111001111000000000000000000000000000000000000000
000001100000000111100001111001111001111000011110000001111001111001111001111000000000000000000000000000000000000000
000110000000000001111111100111100111100001100000000000000111100111100111100111100000000000000000000000000000000000
000110000000000001111111100111100111100001100000000000000111100111100111100111100000000000000000000000000000000000
000110000000000000000110011110000000011111100000000000000000011000011110011110000000000000000000000000000000000000
000110000000000000000110011110000000011111100000000000000000011000011110011110000000000000000000000000000000000000
000001111111111111111111100000000000000001111111111111111111111000000000000000000000000000000000000000000000000000
000001111111111111111111100000000000000001111111111111111111111000000000000000000000000000000000000000000000000000