000000000000000000000000000000000000000000000000000000000000000000000000000000000000000000000000000000000000000000
000000000000000000000000000000000000000000000000000000000000000000000000000000000000000000000000000000000000000000
000000000000000111111111100000000000000000000000000000000000000000000000000000000000000000000000000000000000000000
000000000000000111111111100000000000000000000000000000000000000000000000000000000000000000000000000000000000000000
000000000001111000000000011000000000000000000000000000000000000000000000000000000000000000000000000000000000000000
000000000001111000000000011000000000000000000000000000000000000000000000000000000000000000000000000000000000000000
000000000001100111111000000110000000000000000000000000000000000000000000000000000000000000000000000000000000000000
000000000001100111111000000110000000000000000000000000000000000000000000000000000000000000000000000000000000000000
000000000111111111100111111110000000000000000000000000000000000000000000000000000000000000000000000000000000000000
000000000111111111100111111110000000000000000000000000000000000000000000000000000000000000000000000000000000000000
000000011110000001111000000110000000000000000000000000000000000000000000000000000000000000000000000000000000000000
000000011110000001111000000110000000000000000000000000000000000000000000000000000000000000000000000000000000000000
000001100110000110000001111110000000000000000000000000000000000000000000000000000000000000000000000000000000000000
000001100110000110000001111110000000000000000000000000000000000000000000000000000000000000000000000000000000000000
000001100110000110000000011111100000000000000000000000000000000000000000000000000000000000000000000000000000000000
000001100110000110000000011111100000000000000000000000000000000000000000000000000000000000000000000000000000000000
000000000110011001100000000001100000000000000000000000000000000000000000000000000000000000000000000000000000000000
000000000110011001100000000001100000000000000000000000000000000000000000000000000000000000000000000000000000000000
000000000110011001100000000110000000000000000000000000000000000000000000000000000000000000000000000000000000000000
000000000110011001100000000110000000000000000000000000000000000000000000000000000000000000000000000000000000000000
000000000110011000000000011110000000000000000000000000000000000000000000000000000000000000000000000000000000000000
000000000110011000000000011110000000000000000000000000000000000000000000000000000000000000000000000000000000000000
000000000001111000000110000110000000000000000000000000000000000000000000000000000000000000000000000000000000000000
000000000001111000000110000110000000000000000000000000000000000000000000000000000000000000000000000000000000000000
000000000000011000000001111111111111111110000000000000000000000000000000000000000000000000000000000000000000000000
000000000000011000000001111111111111111110000000000000000000000000000000000000000000000000000000000000000000000000
000000000001111110000000000111111111111111100000000000000000000000000000000000000000000000000000000000000000000000
000000000001111110000000000111111111111111100000000000000000000000000000000000000000000000000000000000000000000000
000000000001111110000000000111111111111111111110000000000000000000000000000000000000000000000000000000000000000000
000000000001111110000000000111111111111111111110000000000000000000000000000000000000000000000000000000000000000000
000000000111111111111111100000011111111111111111100000000000000000000000000000000000000000000000000000000000000000
000000000111111111111111100000011111111111111111100000000000000000000000000000000000000000000000000000000000000000
000000011111111111111111111111111111100000011111111110000000000000000000000000000000000000000000000000000000000000
000000011111111111111111111111111111100000011111111110000000000000000000000000000000000000000000000000000000000000
000001111111111111111111111111111000000000011111111111111111100001111111111000000000000000000000000000000000000000
000001111111111111111111111111111000000000011111111111111111100001111111111000000000000000000000000000000000000000
000001111111111110000111111111100000000000011111111111100000011110000000011110000000000000000000000000000000000000
000001111111111110000111111111100000000000011111111111100000011110000000011110000000000000000000000000000000000000
000001111111111111111001111000000000000111111111111110000000000000000000000110000000000000000000000000000000000000
000001111111111111111001111000000000000111111111111110000000000000000000000110000000000000000000000000000000000000
000001111111111111111111100000000000011111100001111110000000000111111000000110000000000000000000000000000000000000
000001111111111111111111100000000000011111100001111110000000000111111000000110000000000000000000000000000000000000
000001111111111111111111100000000111111111111110011110011111111000000111111000000000000000000000000000000000000000
000001111111111111111111100000000111111111111110011110011111111000000111111000000000000000000000000000000000000000
000000011111111111111111111000011111111111100110000001111000000000000000000000000000000000000000000000000000000000
000000011111111111111111111000011111111111100110000001111000000000000000000000000000000000000000000000000000000000
000000011111111111111111111111111111111110011111100000000000000000000000000000000000000000000000000000000000000000
000000011111111111111111111111111111111110011111100000000000000000000000000000000000000000000000000000000000000000
000000000001111111111111100111111111100000011111111110000000000000000000000000000000000000000000000000000000000000
000000000001111111111111100111111111100000011111111110000000000000000000000000000000000000000000000000000000000000
000000000000000001111001111111100000000001111111111111111000000000000000000000000000000000000000000000000000000000
000000000000000001111001111111100000000001111111111111111000000000000000000000000000000000000000000000000000000000
000000000000000000000111100000000111100110011111111111111110000000000000000000000000000000000000000000000000000000
000000000000000000000111100000000111100110011111111111111110000000000000000000000000000000000000000000000000000000
000000000000000000000111111111111111100110011111111111111111111000000000000000000000000000000000000000000000000000
000000000000000000000111111111111111100110011111111111111111111000000000000000000000000000000000000000000000000000
000000000000000000000001111111111110011110011111111111111111111110000000000000000000000000000000000000000000000000
000000000000000000000001111111111110011110011111111111111111111110000000000000000000000000000000000000000000000000
000000000000000000000001111111111110011111111111111111111111111111111000000000000000000000000000000000000000000000
000000000000000000000001111111111110011111111111111111111111111111111000000000000000000000000000000000000000000000
000000000000000000000000011111111110011111111111111111111111111111111111100000000000000000000000000000000000000000
000000000000000000000000011111111110011111111111111111111111111111111111100000000000000000000000000000000000000000
000000000000000000000000011111111111111111111111111111111111111111111111111000000000000000000000000000000000000000
000000000000000000000000011111111111111111111111111111111111111111111111111000000000000000000000000000000000000000
000000000000000000000000011111111111111111100000011111111111111111111111111111111000000000000000000000000000000000
000000000000000000000000011111111111111111100000011111111111111111111111111111111000000000000000000000000000000000
000000000000000000000000011111111111111110000000000001111111111111111111111111100111100000000000000000000000000000
000000000000000000000000011111111111111110000000000001111111111111111111111111100111100000000000000000000000000000
000000000000000000000000011111111111111110000000000000000111111111111111111000000000011111100000000000000000000000
000000000000000000000000011111111111111110000000000000000111111111111111111000000000011111100000000000000000000000
000000000000000000000000011111111111111110000000000000000000000111111111111000000000000000011110000000000000000000
000000000000000000000000011111111111111110000000000000000000000111111111111000000000000000011110000000000000000000
000000000000000000000000011111111111111110000000000000000000000001111111111111111110000000000001100000000000000000
000000000000000000000000011111111111111110000000000000000000000001111111111111111110000000000001100000000000000000
000000000000000000000000011111111111111000000000000000000000000000000111111111100001111000000001100000000000000000
000000000000000000000000011111111111111000000000000000000000000000000111111111100001111000000001100000000000000000
000000000000000000000000011111111111111000000000000000000000000000000000000111100000000111100001100000000000000000
000000000000000000000000011111111111111000000000000000000000000000000000000111100000000111100001100000000000000000
000000000000000000000000000111111111111000000000000000000000000000000000000000000000000000011001100000000000000000
000000000000000000000000000111111111111000000000000000000000000000000000000000000000000000011001100000000000000000
000000000000000000000000000111111111111110000000000000000000000000000000000000000000000000000111100000000000000000
000000000000000000000000000111111111111110000000000000000000000000000000000000000000000000000111100000000000000000
000000000000000000000000000001111111111111100000000000000000000000000000000000000000000000000000000000000000000000
000000000000000000000000000001111111111111100000000000000000000000000000000000000000000000000000000000000000000000
000000000000000000000000000001111111111111100000000000000000000000000000000000000000000000000000000000000000000000
000000000000000000000000000001111111111111100000000000000000000000000000000000000000000000000000000000000000000000
000000011110011110000000000001111111111111100000000000000000000000000000000000000000000000000000000000000000000000
000000011110011110000000000001111111111111100000000000000000000000000000000000000000000000000000000000000000000000
000001111001111001111001111001111111111111100001111001111000000000000000000000000000000000000000000000000000000000
000001111001111001111001111001111111111111100001111001111000000000000000000000000000000000000000000000000000000000
000000000001100111100111100001111111111111100111100111100000000000000000000000000000000000000000000000000000000000
000000000001100111100111100001111111111111100111100111100000000000000000000000000000000000000000000000000000000000
000000000000000110011110011110011111111111100110011110011110011110011110011110000000000000000000000000000000000000
000000000000000110011110011110011111111111100110011110011110011110011110011110000000000000000000000000000000000000
000000000000000000000001111000000001111111100001111001111001111001111001111001111001111001111000000000000000000000
000000000000000000000001111000000001111111100001111001111001111001111001111001111001111001111000000000000000000000
000000000000000000000000000000000111100111111111100111100111100111100111100111100111100111100111100000000000000000
000000000000000000000000000000000111100111111111100111100111100111100111100111100111100111100111100000000000000000
000000000000000000000000000000000110000110011000000000000000000000000000011110011110011110011110000000000000000000
000000000000000000000000000000000110000110011000000000000000000000000000011110011110011110011110000000000000000000
000000000000000000000000000000011000000000011000000000000000000000000000000000000000000000000000000000000000000000
000000000000000000000000000000011000000000011000000000000000000000000000000000000000000000000000000000000000000000
000000000000000000000000000000011111111111111000000000000000000000000000000000000000000000000000000000000000000000
000000000000000000000000000000011111111111111000000000000000000000000000000000000000000000000000000000000000000000
000000000000000000000000000000000000000000000000000000000000000000000000000000000000000000000000000000000000000000
000000000000000000000000000000000000000000000000000000000000000000000000000000000000000000000000000000000000000000