000000000000000000000000000000000000000000000000000000000000000000000000000000000000000000000000000000000000000000
000000000000000000000000000000000000000000000000000000000000000000000000000000000000000000000000000000000000000000
000000000000000000000000000000000000000000000000000000000000000000000000000000000000000000000001111110000000000000
000000000000000000000000000000000000000000000000000000000000000000000000000000000000000000000001111110000000000000
000000000000000000000000000000000000000000000000000000000000000000000000000000000000000111111110000001100000000000
000000000000000000000000000000000000000000000000000000000000000000000000000000000000000111111110000001100000000000
000000000000000000000000000000000000000000000000000000000000000000000000000000000000011110000000000000011000000000
000000000000000000000000000000000000000000000000000000000000000000000000000000000000011110000000000000011000000000
000000000000000000000000000000000000000000000000000000000111111110000000000000000111100000000000000000011000000000
000000000000000000000000000000000000000000000000000000000111111110000000000000000111100000000000000000011000000000
000000000000000000000000000000000000000000000000000001111000000110000000000000011111100000000001111111111000000000
000000000000000000000000000000000000000000000000000001111000000110000000000000011111100000000001111111111000000000
000000000000000000000000000000000000000000000000000110000000000110000000000111111111111110011111100000000000000000
000000000000000000000000000000000000000000000000000110000000000110000000000111111111111110011111100000000000000000
000000000000000000000000000000000000000000000001111000000001111110000001111111111111111111100000000000000000000000
000000000000000000000000000000000000000000000001111000000001111110000001111111111111111111100000000000000000000000
000000000001111110000000000000000000000000011110000000011110000000000111111111111111111110000000000000000000000000
000000000001111110000000000000000000000000011110000000011110000000000111111111111111111110000000000000000000000000
011110011110000001111000000000000000000111111000000001111000000001111111111111111111111110000000000000000000000000
011110011110000001111000000000000000000111111000000001111000000001111111111111111111111110000000000000000000000000
000001111111111111111000000000000000011111111000011110000000000001111111111111111111100000000000000000000000000000
000001111111111111111000000000000000011111111000011110000000000001111111111111111111100000000000000000000000000000
000001111000000111111110000000000001111111111111100000000000000111111111111111111000000000000000000000000000000000
000001111000000111111110000000000001111111111111100000000000000111111111111111111000000000000000000000000000000000
011110000001111000000110000000011111111111111111100000000001111111111111111111100000000000000000000000000000000000
011110000001111000000110000000011111111111111111100000000001111111111111111111100000000000000000000000000000000000
000001100110000001111110000111111111111111111110000000011111111111111111111110000000000000000000000000000000000000
000001100110000001111110000111111111111111111110000000011111111111111111111110000000000000000000000000000000000000
000001100110000000011111111111111111111111111000000001111111111111111111111000000000000000000000000000000000000000
000001100110000000011111111111111111111111111000000001111111111111111111111000000000000000000000000000000000000000
000001111001100000000001111111111111111110000000011111111111111111111111100000000000000000000000000000000000000000
000001111001100000000001111111111111111110000000011111111111111111111111100000000000000000000000000000000000000000
000001111001111000000111111111111111111110000001111111111111111111111110000000000000000000000000000000000000000000
000001111001111000000111111111111111111110000001111111111111111111111110000000000000000000000000000000000000000000
000000011000000000011111111111111111111111100111111111111111111111111000000000000000000000000000000000000000000000
000000011000000000011111111111111111111111100111111111111111111111111000000000000000000000000000000000000000000000
000000011000011000000111111111111111111111111001111111111111111111100000000000000000000000000000000000000000000000
000000011000011000000111111111111111111111111001111111111111111111100000000000000000000000000000000000000000000000
000000011110000111111000011111111111111111111001111111111111111110000000000000000000000000000000000000000000000000
000000011110000111111000011111111111111111111001111111111111111110000000000000000000000000000000000000000000000000
000001111110000000000000000111111111111111111001111111111111111110000000000000000000000000000000000000000000000000
000001111110000000000000000111111111111111111001111111111111111110000000000000000000000000000000000000000000000000
000111111111111000000000000001111111111111111001111111111111111000000000000000000000000000000000000000000000000000
000111111111111000000000000001111111111111111001111111111111111000000000000000000000000000000000000000000000000000
000111111111111111111111111111111111111111111001111111111111100000000000000000000000000000000000000000000000000000
000111111111111111111111111111111111111111111001111111111111100000000000000000000000000000000000000000000000000000
011111111111111111111111111111111111111111100000011111111110000000000000000000000000000000000000000000000000000000
011111111111111111111111111111111111111111100000011111111110000000000000000000000000000000000000000000000000000000
011111111111111111111111111111111111111111100111100111111110000000000000000000000000000000000000000000000000000000
011111111111111111111111111111111111111111100111100111111110000000000000000000000000000000000000000000000000000000
011111111110000111111111111111111111111110000001111001111000000000000000000000000000000000000000000000000000000000
011111111110000111111111111111111111111110000001111001111000000000000000000000000000000000000000000000000000000000
011111111111111001111111111111111111111000011110011001111000000000000000000000000000000000000000000000000000000000
011111111111111001111111111111111111111000011110011001111000000000000000000000000000000000000000000000000000000000
011111111111111111111111111111111111100111111111100111111000000000000000000000000000000000000000000000000000000000
011111111111111111111111111111111111100111111111100111111000000000000000000000000000000000000000000000000000000000
000111111111111110000000000111111000000111111111111001111000000000000000000000000000000000000000000000000000000000
000111111111111110000000000111111000000111111111111001111000000000000000000000000000000000000000000000000000000000
000111111111111000000000000000000111111111111111111001111000000000000000000000000000000000000000000000000000000000
000111111111111000000000000000000111111111111111111001111000000000000000000000000000000000000000000000000000000000
000111111111111000000000000000000000011111111111111111111000000000000000000000000000000000000000000000000000000000
000111111111111000000000000000000000011111111111111111111000000000000000000000000000000000000000000000000000000000
000001111111111000000000000000000000000111111111111111111000000000000000000000000000000000000000000000000000000000
000001111111111000000000000000000000000111111111111111111000000000000000000000000000000000000000000000000000000000
000001100001111000000000000000000000000111111111111111111000000000000000000000000000000000000000000000000000000000
000001100001111000000000000000000000000111111111111111111000000000000000000000000000000000000000000000000000000000
000001100000011000000000000000000000000111111111111111111000000000000000000000000000000000000000000000000000000000
000001100000011000000000000000000000000111111111111111111000000000000000000000000000000000000000000000000000000000
000001100000011000000000000000000000000001111111111111111000000000000000000000000000000000000000000000000000000000
000001100000011000000000000000000000000001111111111111111000000000000000000000000000000000000000000000000000000000
000000011000011000000000000000000000000001111111111111111000000000000000000000000000000000000000000000000000000000
000000011000011000000000000000000000000001111111111111111000000000000000000000000000000000000000000000000000000000
000000011000000110000000000000000000000000011111111111111110000000000000000000000000000000000000000000000000000000
000000011000000110000000000000000000000000011111111111111110000000000000000000000000000000000000000000000000000000
000000011000000110000000000000000000000000011111111111111110000000000000000000000000000000000000000000000000000000
000000011000000110000000000000000000000000011111111111111110000000000000000000000000000000000000000000000000000000
000000011000000111100000000000000000000000011111111111111110000000000000000000000000000000000000000000000000000000
000000011000000111100000000000000000000000011111111111111110000000000000000000000000000000000000000000000000000000
000000000110000000011000000000000000000000011111111111111110000000000000000000000000000000000000000000000000000000
000000000110000000011000000000000000000000011111111111111110000000000000000000000000000000000000000000000000000000
000000000110000110011000000000000000000000000111111111111110000000000000000000000000000000000000000000000000000000
000000000110000110011000000000000000000000000111111111111110000000000000000000000000000000000000000000000000000000
000000000001100001111000000000000000000000000111111111111110000000000000000000000000000000000000000000000000000000
000000000001100001111000000000000000000000000111111111111110000000000000000000000000000000000000000000000000000000
000000000000011000011000000000000000000000000001111111111110000000000000000000000000000000000000000000000000000000
000000000000011000011000000000000000000000000001111111111110000000000000000000000000000000000000000000000000000000
000000000000000111111000000000000000000000000001111111111110000000000000000000000000000000000000000000000000000000
000000000000000111111000000000000000000000000001111111111110000000000000000000000000000000000000000000000000000000
000000000000000000000000000000000000000000000001111111111110000000000000000000000000000000000000000000000000000000
000000000000000000000000000000000000000000000001111111111110000000000000000000000000000000000000000000000000000000
000000000000000000000000000000000000000000000001111111111110000000000000000000000000000000000000000000000000000000
000000000000000000000000000000000000000000000001111111111110000000000000000000000000000000000000000000000000000000
000000000000000000000111100111100111100111100001111111111110000000000000000000000000000000000000000000000000000000
000000000000000000000111100111100111100111100001111111111110000000000000000000000000000000000000000000000000000000
000000011110011110011110011110011110011110011111111111111001111001111001111001111001111001111001111001111000000000
000000011110011110011110011110011110011110011111111111111001111001111001111001111001111001111001111001111000000000
000001111001111001111001111001111001111001111001100111111111100111100111100111100111100111100111100111100111100000
000001111001111001111001111001111001111001111001100111111111100111100111100111100111100111100111100111100111100000
000111100111100111100111100111100111100111100110000001111110011110011110011110011110011110011110011110011110011110
000111100111100111100111100111100111100111100110000001111110011110011110011110011110011110011110011110011110011110
011110000000000110011110011110000000000001111000000000011001111001111001111001111000000000000000011001111001111000
011110000000000110011110011110000000000001111000000000011001111001111001111001111000000000000000011001111001111000
000000000000000001111001111000000000011110000000000000011111100111100000000000000000000000000000000000000000000000
000000000000000001111001111000000000011110000000000000011111100111100000000000000000000000000000000000000000000000
000000000000000111100111100000000000011111111111111111111000000000000000000000000000000000000000000000000000000000
000000000000000111100111100000000000011111111111111111111000000000000000000000000000000000000000000000000000000000